Training games = 400 chromosome file = /Users/rodrigocanaan/Dev/MapElitesResults/WorkflowTest/MapElites/5by5final3/iteration999999.json
[2,3];[2,2]: 0.564217 0.696424 17.622500
[1,4];[1,3]: 0.224492 0.819147 15.285000
[3,2];[3,1]: 0.729267 0.381792 10.567500
[4,1];[4,0]: 0.517900 0.442383 4.965000
[1,3];[1,4]: 0.221005 0.821085 15.307500
[2,2];[2,3]: 0.517691 0.774860 17.567500
[3,1];[3,2]: 0.584951 0.698413 10.582500
[4,0];[4,1]: 0.833718 0.376972 5.117500
[3,2];[4,0]: 0.757333 0.408775 8.540000
[4,1];[3,1]: 0.735102 0.415946 6.647500
[3,1];[4,1]: 0.820620 0.406379 6.462500
[4,0];[3,2]: 0.667782 0.640402 8.640000
[0,1];[4,0]: 0.458426 0.312200 4.317500
[4,0];[0,1]: 0.031113 0.320536 2.527500
[1,2];[2,2]: 0.469048 0.687450 11.205000
[2,2];[1,2]: 0.420219 0.534288 10.435000
[0,0];[3,0]: 0.399770 0.310380 4.250000
[3,0];[0,0]: 0.019967 0.301136 2.545000
[2,1];[1,0]: 0.000000 0.484920 5.872500
[1,0];[2,1]: 0.071295 0.361853 7.052500
[2,1];[2,2]: 0.499506 0.429966 10.860000
[2,2];[2,1]: 0.116596 0.632868 12.872500
[3,4];[3,2]: 0.570356 0.706153 17.270000
[3,2];[3,4]: 0.643043 0.756324 16.745000
[1,2];[1,0]: 0.000000 0.774798 10.300000
[1,0];[1,2]: 0.141859 0.333755 1.362500
[2,4];[3,1]: 0.649356 0.509332 11.967500
[3,3];[2,2]: 0.556625 0.698842 17.125000
[2,2];[3,3]: 0.628378 0.766237 17.145000
[3,1];[2,4]: 0.496383 0.779034 11.425000
[2,0];[1,2]: 0.102901 0.328353 1.205000
[1,1];[2,1]: 0.273947 0.574294 7.832500
[1,2];[2,0]: 0.000000 0.631612 5.955000
[2,1];[1,1]: 0.002998 0.328607 0.980000
[1,4];[2,1]: 0.152086 0.716940 12.300000
[2,1];[1,4]: 0.411455 0.698879 6.600000
[4,1];[1,4]: 0.122163 0.780172 6.945000
[1,4];[4,1]: 0.685218 0.493073 9.175000
[1,3];[4,0]: 0.770498 0.440306 8.245000
[4,0];[1,3]: 0.338920 0.781519 6.060000
[2,1];[3,1]: 0.662340 0.336381 8.080000
[3,1];[2,1]: 0.078865 0.702478 9.505000
[0,0];[1,2]: 0.526301 0.366708 5.682500
[1,2];[0,0]: 0.011071 0.412949 3.982500
[2,0];[2,1]: 0.080389 0.368280 6.497500
[1,1];[1,2]: 0.458002 0.349099 9.027500
[1,2];[1,1]: 0.110570 0.559225 7.987500
[2,1];[2,0]: 0.000000 0.474564 5.580000
[2,4];[3,2]: 0.583206 0.702752 17.407500
[2,3];[3,3]: 0.640186 0.802175 20.075000
[3,3];[2,3]: 0.522773 0.803362 19.737500
[3,2];[2,4]: 0.531789 0.762836 17.167500
[2,4];[2,3]: 0.526408 0.804686 20.097500
[4,4];[4,3]: 0.914726 0.811191 16.947500
[2,3];[2,4]: 0.531296 0.803113 19.972500
[3,2];[3,3]: 0.643151 0.753943 16.982500
[4,2];[4,1]: 0.835848 0.390795 7.477500
[3,3];[3,2]: 0.580361 0.703259 17.075000
[4,1];[4,2]: 0.761630 0.661159 7.695000
[4,3];[4,4]: 0.836666 0.798723 16.945000
[3,0];[4,4]: 0.964482 0.687050 6.172500
[4,4];[3,0]: 0.263330 0.461733 6.147500
[3,4];[4,3]: 0.920623 0.848873 17.027500
[4,3];[3,4]: 0.648025 0.790700 17.205000
[2,0];[3,2]: 0.421605 0.397991 10.305000
[3,2];[2,0]: 0.000000 0.412583 2.717500
[2,4];[4,1]: 0.738720 0.508087 9.540000
[2,3];[4,2]: 0.684020 0.699278 17.095000
[4,2];[2,3]: 0.597890 0.729522 11.682500
[4,1];[2,4]: 0.533438 0.760536 8.980000
[4,1];[1,2]: 0.380680 0.555862 6.805000
[1,2];[4,1]: 0.611441 0.467725 7.440000
[0,1];[1,3]: 0.462459 0.473193 5.332500
[1,3];[0,1]: 0.001036 0.415414 4.050000
[3,3];[2,1]: 0.086871 0.718265 14.097500
[2,1];[3,3]: 0.706264 0.651470 7.395000
[1,2];[4,0]: 0.374664 0.418833 4.502500
[4,0];[1,2]: 0.074819 0.371279 1.767500
[2,3];[1,3]: 0.193406 0.825501 16.400000
[1,4];[2,2]: 0.544744 0.688146 16.752500
[1,3];[2,3]: 0.547212 0.817002 19.240000
[2,2];[1,4]: 0.205627 0.780491 14.120000
[2,0];[4,1]: 0.643501 0.273462 6.455000
[4,1];[2,0]: 0.000000 0.533001 3.045000
[1,1];[4,2]: 0.674211 0.488145 6.547500
[4,4];[1,3]: 0.162994 0.804091 14.505000
[4,2];[1,1]: 0.000000 0.489571 3.472500
[1,3];[4,4]: 0.855890 0.837513 17.220000
[0,1];[1,0]: 0.000000 0.356723 3.020000
[1,0];[0,1]: 0.079149 0.312690 2.270000
[2,4];[1,0]: 0.000000 0.782639 10.557500
[1,0];[2,4]: 0.652981 0.680296 9.875000
[2,0];[1,1]: 0.008584 0.323568 0.887500
[1,1];[2,0]: 0.000000 0.316537 2.512500
[1,2];[2,1]: 0.078536 0.714552 12.840000
[2,1];[1,2]: 0.104224 0.336640 1.307500
[4,2];[2,1]: 0.000198 0.647030 13.285000
[2,1];[4,2]: 0.631713 0.454182 11.695000
[0,0];[4,4]: 0.975859 0.567901 4.705000
[4,4];[0,0]: 0.007869 0.467526 4.285000
[0,1];[2,1]: 0.342466 0.452721 5.400000
[2,1];[0,1]: 0.063795 0.343630 2.355000
[4,2];[0,1]: 0.020863 0.517037 3.795000
[0,1];[4,2]: 0.698935 0.467146 5.075000
[1,4];[0,1]: 0.001764 0.415257 3.910000
[0,1];[1,4]: 0.445939 0.469457 5.365000
[0,0];[1,3]: 0.460490 0.477059 5.447500
[1,3];[0,0]: 0.001422 0.412403 3.865000
[4,4];[3,3]: 0.647976 0.798817 17.290000
[3,3];[4,4]: 0.838689 0.851869 17.160000
[3,2];[4,3]: 0.955233 0.788975 15.537500
[4,3];[3,2]: 0.638420 0.687312 15.880000
[3,0];[4,3]: 0.975859 0.709452 5.820000
[4,3];[3,0]: 0.262465 0.465660 5.865000
[0,0];[0,1]: 0.000000 0.278047 2.985000
[0,1];[0,0]: 0.000000 0.278047 2.985000
[2,0];[3,1]: 0.564681 0.289993 7.725000
[3,1];[2,0]: 0.000000 0.521585 3.210000
[0,0];[0,0]: 0.000000 0.278047 2.985000
[3,0];[3,0]: 0.798372 0.179042 3.430000
[2,0];[2,0]: 0.000000 0.255814 5.052500
[1,1];[1,1]: 0.271835 0.406292 8.070000
[0,1];[0,1]: 0.000000 0.278047 2.985000
[3,4];[3,4]: 0.639974 0.796646 19.667500
[2,4];[2,4]: 0.532120 0.803990 19.922500
[4,4];[4,4]: 0.832332 0.806958 17.347500
[2,3];[2,3]: 0.525479 0.808660 20.000000
[3,2];[3,2]: 0.632102 0.612034 15.637500
[3,3];[3,3]: 0.636946 0.797096 19.645000
[4,2];[4,2]: 0.743341 0.627769 14.482500
[4,1];[4,1]: 0.826574 0.403727 5.977500
[1,4];[1,4]: 0.222774 0.825011 15.482500
[4,3];[4,3]: 0.938616 0.801012 16.510000
[1,2];[1,2]: 0.362549 0.560073 13.030000
[2,1];[2,1]: 0.033447 0.409126 8.450000
[1,3];[1,3]: 0.222279 0.820161 15.470000
[2,2];[2,2]: 0.572802 0.622761 15.942500
[1,0];[1,0]: 0.000000 0.174833 4.182500
[3,1];[3,1]: 0.693929 0.421337 7.517500
[4,0];[4,0]: 0.865414 0.177937 3.252500
[2,4];[2,2]: 0.558541 0.708161 17.667500
[4,2];[4,0]: 0.476376 0.434104 5.585000
[3,3];[3,1]: 0.641960 0.512908 11.185000
[2,2];[2,4]: 0.518741 0.773595 17.472500
[3,1];[3,3]: 0.557021 0.778378 10.785000
[4,0];[4,2]: 0.704737 0.626381 8.347500
[2,0];[1,0]: 0.000000 0.268530 4.795000
[1,0];[2,0]: 0.000000 0.168440 4.372500
[0,0];[1,0]: 0.000000 0.355143 3.015000
[1,0];[0,0]: 0.081881 0.314675 2.292500
[2,3];[1,0]: 0.000000 0.785362 10.712500
[1,0];[2,3]: 0.651117 0.678129 9.795000
[4,4];[2,2]: 0.553804 0.686536 16.482500
[2,2];[4,4]: 0.850584 0.778727 16.390000
[2,4];[1,3]: 0.189811 0.825730 16.572500
[1,3];[2,4]: 0.541912 0.816265 19.267500
[4,4];[1,2]: 0.140794 0.482244 4.175000
[1,2];[4,4]: 0.914268 0.862069 5.810000
[3,2];[2,1]: 0.166648 0.634150 11.617500
[2,1];[3,2]: 0.514695 0.459561 11.677500
[1,1];[4,0]: 0.382377 0.304247 4.205000
[1,4];[4,3]: 0.917366 0.842974 17.015000
[3,3];[1,3]: 0.151127 0.829433 16.475000
[4,3];[1,4]: 0.144430 0.804336 14.870000
[1,3];[3,3]: 0.664880 0.784900 19.302500
[4,0];[1,1]: 0.001645 0.363842 1.632500
[2,2];[1,0]: 0.000000 0.620406 6.110000
[1,0];[2,2]: 0.462978 0.398191 10.275000
[1,3];[1,0]: 0.000000 0.707203 6.972500
[1,0];[1,3]: 0.453871 0.682699 6.617500
[3,4];[1,3]: 0.145820 0.831431 16.377500
[1,3];[3,4]: 0.663060 0.785855 19.230000
[2,3];[0,1]: 0.001850 0.422103 4.210000
[0,1];[2,3]: 0.638104 0.511905 4.975000
[4,4];[2,1]: 0.000300 0.715412 13.217500
[2,1];[4,4]: 0.927242 0.675042 11.527500
[0,0];[2,4]: 0.635458 0.511792 4.992500
[2,4];[0,0]: 0.000618 0.414490 4.177500
[0,0];[2,0]: 0.000000 0.271837 2.305000
[2,0];[0,0]: 0.082596 0.316592 2.327500
[1,1];[3,3]: 0.601536 0.756508 7.942500
[3,3];[1,1]: 0.144672 0.547049 6.932500
[4,4];[3,1]: 0.657566 0.494908 9.635000
[3,1];[4,4]: 0.834366 0.790634 9.302500
[0,0];[1,1]: 0.305783 0.388646 5.600000
[1,1];[0,0]: 0.000000 0.285086 3.295000
[1,1];[3,1]: 0.571734 0.269732 6.797500
[3,1];[1,1]: 0.094796 0.520367 5.802500
[1,1];[4,3]: 0.976770 0.500000 3.967500
[1,4];[4,0]: 0.774782 0.440160 8.430000
[4,1];[1,3]: 0.125157 0.781903 7.130000
[4,3];[1,1]: 0.000000 0.476735 3.447500
[1,3];[4,1]: 0.690486 0.492455 9.217500
[4,0];[1,4]: 0.358010 0.768254 5.830000
[2,0];[4,3]: 0.938017 0.582229 8.655000
[4,3];[2,0]: 0.000000 0.824083 7.705000
[1,1];[3,2]: 0.530624 0.433412 7.897500
[3,2];[1,1]: 0.180249 0.509330 7.565000
[3,0];[2,1]: 0.045203 0.592238 9.175000
[2,1];[3,0]: 0.498271 0.193125 8.077500
[2,4];[4,2]: 0.685220 0.700289 16.962500
[2,3];[4,1]: 0.743435 0.499795 9.410000
[4,2];[2,4]: 0.591764 0.732571 12.227500
[4,1];[2,3]: 0.536345 0.761058 8.970000
[2,2];[4,0]: 0.737089 0.401906 8.232500
[4,0];[2,2]: 0.662150 0.642014 8.617500
[0,1];[1,2]: 0.525894 0.365644 5.682500
[1,2];[0,1]: 0.009649 0.412787 4.057500
[4,2];[1,4]: 0.224846 0.754337 10.810000
[1,4];[4,2]: 0.672845 0.687020 16.077500
[4,1];[2,1]: 0.065000 0.672160 6.955000
[2,1];[4,1]: 0.745342 0.326265 6.995000
[0,1];[2,2]: 0.614078 0.458633 5.247500
[2,2];[0,1]: 0.000365 0.397569 3.690000
[3,0];[3,4]: 0.613557 0.766057 7.380000
[1,4];[1,0]: 0.000000 0.716312 7.187500
[3,4];[3,0]: 0.521450 0.434671 9.812500
[1,0];[1,4]: 0.449372 0.681881 6.392500
[0,0];[4,2]: 0.703939 0.467161 5.057500
[4,2];[0,0]: 0.022199 0.517229 3.795000
[2,0];[4,2]: 0.500047 0.401947 10.352500
[4,2];[2,0]: 0.000000 0.738728 7.230000
[4,1];[0,1]: 0.000000 0.439720 3.655000
[0,1];[4,1]: 0.676680 0.323201 5.032500
[3,0];[1,1]: 0.031447 0.380900 1.775000
[1,1];[3,0]: 0.344905 0.302165 4.325000
[1,1];[1,3]: 0.351893 0.683781 7.940000
[4,4];[4,2]: 0.666000 0.694616 16.330000
[4,2];[4,4]: 0.822218 0.753099 14.777500
[4,1];[4,3]: 0.939111 0.817608 7.757500
[4,1];[1,0]: 0.000000 0.691108 5.295000
[4,3];[4,1]: 0.801328 0.466823 7.890000
[1,3];[1,1]: 0.179742 0.566083 7.820000
[1,0];[4,1]: 0.638498 0.287599 7.397500
[4,4];[3,2]: 0.579006 0.695464 16.522500
[3,3];[4,3]: 0.915648 0.848825 17.015000
[3,2];[4,4]: 0.871063 0.769323 16.252500
[4,3];[3,3]: 0.645157 0.789474 16.945000
[3,0];[1,2]: 0.184099 0.390802 1.892500
[3,2];[1,4]: 0.251995 0.766861 12.300000
[1,4];[3,2]: 0.560988 0.694272 16.645000
[1,2];[3,0]: 0.279147 0.420372 4.822500
[1,3];[3,1]: 0.609565 0.503733 10.935000
[3,1];[1,3]: 0.148962 0.791667 8.942500
[2,0];[3,3]: 0.719513 0.639388 8.300000
[3,3];[2,0]: 0.000000 0.664151 6.855000
[3,0];[4,0]: 0.898726 0.163676 3.580000
[4,0];[3,0]: 0.257945 0.246313 3.637500
[3,0];[2,4]: 0.590235 0.776334 7.647500
[2,4];[3,0]: 0.543174 0.438899 10.225000
[4,3];[3,1]: 0.719337 0.473257 8.905000
[3,1];[4,3]: 0.938363 0.824349 8.750000
[4,3];[1,0]: 0.000000 0.893986 12.257500
[1,0];[4,3]: 0.940475 0.639680 11.597500
[3,0];[4,2]: 0.760676 0.606898 8.102500
[4,2];[3,0]: 0.258315 0.439093 5.790000
[2,0];[0,1]: 0.101542 0.315696 2.245000
[0,1];[2,0]: 0.000000 0.271665 2.312500
[4,3];[2,2]: 0.599151 0.674177 15.750000
[2,2];[4,3]: 0.955591 0.801163 15.387500
[3,0];[3,3]: 0.615721 0.768560 7.275000
[3,3];[3,0]: 0.531199 0.434592 10.102500
[0,0];[3,2]: 0.614714 0.431979 5.202500
[3,2];[0,0]: 0.000812 0.383086 3.470000
[4,3];[1,2]: 0.132818 0.480159 4.087500
[1,2];[4,3]: 0.950180 0.867647 5.682500
[3,0];[1,3]: 0.489592 0.793086 6.542500
[2,3];[1,2]: 0.450098 0.568353 14.625000
[3,3];[0,1]: 0.001237 0.424707 4.262500
[1,2];[2,3]: 0.419818 0.819121 16.932500
[1,2];[3,1]: 0.535192 0.472261 8.252500
[1,3];[3,0]: 0.543757 0.442703 9.485000
[3,1];[1,2]: 0.391326 0.551460 7.515000
[0,1];[3,3]: 0.663929 0.518433 5.000000
[1,0];[4,0]: 0.830785 0.175317 7.782500
[4,0];[1,0]: 0.000000 0.601170 7.070000
[3,0];[2,3]: 0.594946 0.776157 7.570000
[2,3];[3,0]: 0.542233 0.438861 10.220000
[1,0];[3,1]: 0.599258 0.296369 7.865000
[3,1];[1,0]: 0.000000 0.689829 5.567500
[0,1];[3,1]: 0.633717 0.323250 5.157500
[3,1];[0,1]: 0.000428 0.423704 3.682500
[2,4];[4,3]: 0.919787 0.848734 17.475000
[4,4];[2,3]: 0.576084 0.785815 17.467500
[2,3];[4,4]: 0.844371 0.846498 17.275000
[4,3];[2,4]: 0.562958 0.781585 17.127500
[1,4];[3,1]: 0.609980 0.505635 10.895000
[3,2];[1,3]: 0.257589 0.769649 11.937500
[1,3];[3,2]: 0.565255 0.697119 16.360000
[3,1];[1,4]: 0.157783 0.794151 8.927500
[2,4];[2,1]: 0.114021 0.714286 13.587500
[2,1];[2,4]: 0.692772 0.670747 7.197500
[1,1];[1,4]: 0.349714 0.675042 8.042500
[1,4];[1,1]: 0.186684 0.570444 7.867500
[4,3];[4,0]: 0.530586 0.463537 5.747500
[4,0];[4,3]: 0.960737 0.714216 5.715000
[0,0];[2,3]: 0.636690 0.520362 5.032500
[2,3];[0,0]: 0.001530 0.418793 4.250000
[3,3];[1,4]: 0.142167 0.830740 16.442500
[1,4];[3,3]: 0.668501 0.791321 19.212500
[3,4];[2,1]: 0.081691 0.717430 13.997500
[2,1];[3,4]: 0.699398 0.660383 7.430000
[1,1];[4,4]: 0.975691 0.500000 3.967500
[4,4];[1,1]: 0.000000 0.477519 3.450000
[4,2];[1,3]: 0.236070 0.757510 10.767500
[1,3];[4,2]: 0.668648 0.686436 16.282500
[3,4];[2,2]: 0.542682 0.697104 17.207500
[2,2];[3,4]: 0.631647 0.766339 17.102500
[3,0];[2,0]: 0.000000 0.341042 4.090000
[2,0];[3,0]: 0.431021 0.197383 5.675000
[2,4];[0,1]: 0.001555 0.414737 4.127500
[0,1];[2,4]: 0.636090 0.518265 5.002500
[0,0];[2,1]: 0.344146 0.452018 5.317500
[2,1];[0,0]: 0.065253 0.344614 2.435000
[2,0];[1,3]: 0.432347 0.660969 5.215000
[1,3];[2,0]: 0.000000 0.464981 2.990000
[3,3];[1,2]: 0.444754 0.553766 12.380000
[1,2];[3,3]: 0.534294 0.822257 13.710000
[2,0];[2,4]: 0.703843 0.669763 8.425000
[2,4];[2,0]: 0.000000 0.652810 6.662500
[3,0];[3,1]: 0.844959 0.388158 5.952500
[1,2];[1,3]: 0.187061 0.808023 13.032500
[1,3];[1,2]: 0.465904 0.583179 13.770000
[3,1];[3,0]: 0.340120 0.446172 5.725000
[2,0];[4,0]: 0.855957 0.175174 6.705000
[4,0];[2,0]: 0.000000 0.518942 6.455000
[0,0];[4,3]: 0.976824 0.556962 4.692500
[4,3];[0,0]: 0.007351 0.472203 4.245000
[3,2];[0,1]: 0.001595 0.384766 3.502500
[0,1];[3,2]: 0.613769 0.436620 5.185000
[2,3];[1,4]: 0.191809 0.827221 16.632500
[1,4];[2,3]: 0.548254 0.814878 19.235000
[1,3];[2,2]: 0.545037 0.689129 16.940000
[2,2];[1,3]: 0.210181 0.777263 13.650000
[2,3];[2,1]: 0.116480 0.716601 13.860000
[2,1];[2,3]: 0.676234 0.668988 7.210000
[4,4];[4,1]: 0.749945 0.487777 8.545000
[4,2];[4,3]: 0.933034 0.768260 14.337500
[4,1];[4,4]: 0.823814 0.784051 8.325000
[4,3];[4,2]: 0.716306 0.684372 15.667500
[3,4];[4,1]: 0.747796 0.511312 9.137500
[4,1];[3,4]: 0.568607 0.764061 9.032500
[2,0];[4,4]: 0.928120 0.580220 8.752500
[4,4];[2,0]: 0.000000 0.826052 7.730000
[4,4];[0,1]: 0.009393 0.467168 4.315000
[0,1];[4,4]: 0.974232 0.551948 4.695000
[2,4];[1,4]: 0.193098 0.827392 16.617500
[1,4];[2,4]: 0.548503 0.812269 19.287500
[3,4];[3,1]: 0.644070 0.513364 11.295000
[3,1];[3,4]: 0.560232 0.777801 10.795000
[3,4];[1,2]: 0.443594 0.553890 12.430000
[3,2];[1,0]: 0.000000 0.577112 4.610000
[1,2];[3,4]: 0.537374 0.822087 13.552500
[1,0];[3,2]: 0.458724 0.415328 10.922500
[0,0];[3,1]: 0.634835 0.323877 5.172500
[3,1];[0,0]: 0.000858 0.424315 3.675000
[3,0];[4,1]: 0.874096 0.367675 5.297500
[4,1];[3,0]: 0.347585 0.445938 5.360000
[3,4];[2,3]: 0.518998 0.802638 19.755000
[2,3];[3,4]: 0.631616 0.800985 20.012500
[3,2];[4,1]: 0.832335 0.363885 8.290000
[3,3];[4,2]: 0.673800 0.701088 16.742500
[4,2];[3,3]: 0.654384 0.726912 11.712500
[4,1];[3,2]: 0.657782 0.677772 8.185000
[3,1];[4,0]: 0.595538 0.441726 5.612500
[4,0];[3,1]: 0.776428 0.400050 5.915000
[0,0];[3,3]: 0.662904 0.520930 5.007500
[3,3];[0,0]: 0.000922 0.427589 4.272500
[0,0];[3,4]: 0.660262 0.525229 5.030000
[3,4];[0,0]: 0.000932 0.418435 4.190000
[3,0];[0,1]: 0.023017 0.294794 2.525000
[0,1];[3,0]: 0.398848 0.309153 4.250000
[2,4];[3,3]: 0.633293 0.797053 20.025000
[2,3];[3,2]: 0.584090 0.704063 17.587500
[3,3];[2,4]: 0.525997 0.804930 19.777500
[3,2];[2,3]: 0.531482 0.757609 17.170000
[2,2];[3,1]: 0.696870 0.404928 10.617500
[3,1];[2,2]: 0.547572 0.698795 10.560000
[0,0];[2,2]: 0.615888 0.464610 5.185000
[2,2];[0,0]: 0.000360 0.393969 3.732500
[3,3];[1,0]: 0.000000 0.795783 11.052500
[1,0];[3,3]: 0.687403 0.675996 10.407500
[1,1];[1,0]: 0.000000 0.438790 3.722500
[4,4];[4,0]: 0.555449 0.459630 6.075000
[1,0];[1,1]: 0.007995 0.323414 0.877500
[4,0];[4,4]: 0.947181 0.697854 5.962500
[0,0];[4,0]: 0.458426 0.312200 4.312500
[4,0];[0,0]: 0.026918 0.318806 2.512500
[2,4];[4,4]: 0.843995 0.842348 17.257500
[4,4];[2,4]: 0.574019 0.790622 17.642500
[2,3];[4,3]: 0.919680 0.845540 17.330000
[4,3];[2,3]: 0.560446 0.781509 17.180000
[1,1];[2,2]: 0.555310 0.516699 7.640000
[4,2];[1,0]: 0.000000 0.822887 10.642500
[2,2];[1,1]: 0.148844 0.502365 7.105000
[1,0];[4,2]: 0.564218 0.409632 11.135000
[3,4];[4,4]: 0.832952 0.849330 16.815000
[4,4];[3,4]: 0.653154 0.797363 17.070000
[2,3];[3,1]: 0.646283 0.510026 12.067500
[3,2];[2,2]: 0.617545 0.624888 15.725000
[2,2];[3,2]: 0.574664 0.615792 15.697500
[3,1];[2,3]: 0.501256 0.779327 11.635000
[2,0];[2,2]: 0.433299 0.381120 9.972500
[2,2];[2,0]: 0.000000 0.452176 3.147500
[0,0];[4,1]: 0.676237 0.321340 5.000000
[1,1];[2,3]: 0.547924 0.772941 9.375000
[4,4];[1,0]: 0.000000 0.895626 12.277500
[2,3];[1,1]: 0.162175 0.561448 8.255000
[4,1];[0,0]: 0.000000 0.435492 3.640000
[1,0];[4,4]: 0.917141 0.638292 11.825000
[1,1];[3,4]: 0.605127 0.755070 7.877500
[3,4];[1,1]: 0.147605 0.547598 7.065000
[4,2];[1,2]: 0.111904 0.495053 3.972500
[1,2];[4,2]: 0.614180 0.678239 9.160000
[2,0];[3,4]: 0.720958 0.635283 8.365000
[3,4];[2,0]: 0.000000 0.651929 6.500000
[3,4];[2,4]: 0.526422 0.801991 19.832500
[2,4];[1,2]: 0.451294 0.568040 14.887500
[2,4];[3,4]: 0.631701 0.797806 20.027500
[1,2];[2,4]: 0.420936 0.818328 16.907500
[1,1];[0,1]: 0.000481 0.285225 3.295000
[0,1];[1,1]: 0.305875 0.388565 5.600000
[2,4];[4,0]: 0.785558 0.431613 9.327500
[4,2];[2,2]: 0.615871 0.621852 14.480000
[2,2];[4,2]: 0.769266 0.624509 15.337500
[4,0];[2,4]: 0.564584 0.768493 7.190000
[3,0];[3,2]: 0.718723 0.627289 8.392500
[1,4];[1,2]: 0.472701 0.584025 13.810000
[3,2];[3,0]: 0.452020 0.415671 7.537500
[1,2];[1,4]: 0.189985 0.810529 12.562500
[3,4];[4,2]: 0.672115 0.701694 16.717500
[4,2];[3,4]: 0.644836 0.723688 11.567500
[3,4];[0,1]: 0.001857 0.425772 4.207500
[0,1];[3,4]: 0.661647 0.518692 4.970000
[4,4];[1,4]: 0.165283 0.799427 14.415000
[1,4];[4,4]: 0.850164 0.837331 17.025000
[4,2];[3,1]: 0.743146 0.407224 8.562500
[3,3];[4,0]: 0.778121 0.428962 9.000000
[3,1];[4,2]: 0.726453 0.681120 9.407500
[4,0];[3,3]: 0.594398 0.761408 6.962500
[3,2];[4,2]: 0.768803 0.619495 15.480000
[4,2];[3,2]: 0.643879 0.624292 14.685000
[3,3];[4,1]: 0.748645 0.512407 9.120000
[4,1];[3,3]: 0.573729 0.764861 9.037500
[3,0];[2,2]: 0.721353 0.622290 8.227500
[2,2];[3,0]: 0.447485 0.403028 7.675000
[1,1];[2,4]: 0.545190 0.776408 9.217500
[2,4];[1,1]: 0.161326 0.562652 8.120000
[4,3];[2,1]: 0.000000 0.714544 13.192500
[2,1];[4,3]: 0.956986 0.684834 11.442500
[1,1];[4,1]: 0.655710 0.258403 6.147500
[4,1];[1,1]: 0.079923 0.525641 5.272500
[4,3];[1,3]: 0.140412 0.805353 15.017500
[1,3];[4,3]: 0.920304 0.840030 17.045000
[3,0];[1,4]: 0.511228 0.789046 6.517500
[3,4];[1,0]: 0.000000 0.802923 11.235000
[1,4];[3,0]: 0.544541 0.445143 9.522500
[3,2];[1,2]: 0.441935 0.533721 10.275000
[1,2];[3,2]: 0.475303 0.677679 11.012500
[1,0];[3,4]: 0.687094 0.670809 10.462500
[3,4];[4,0]: 0.775874 0.432292 8.960000
[4,0];[3,4]: 0.591477 0.759205 6.992500
[3,4];[3,3]: 0.636226 0.795877 19.757500
[3,3];[3,4]: 0.634509 0.799418 19.620000
[2,0];[2,3]: 0.711417 0.656062 8.405000
[2,3];[2,0]: 0.000000 0.657736 6.650000
[3,0];[1,0]: 0.000000 0.463819 4.497500
[3,4];[1,4]: 0.141463 0.829607 16.487500
[1,4];[3,4]: 0.664744 0.786943 19.222500
[1,0];[3,0]: 0.558973 0.185981 7.867500
[2,1];[1,3]: 0.418473 0.694857 6.657500
[1,3];[2,1]: 0.146268 0.717051 12.457500
[2,1];[4,0]: 0.779569 0.178612 7.787500
[4,0];[2,1]: 0.016776 0.609579 10.000000
[2,0];[1,4]: 0.436823 0.662989 5.307500
[1,4];[2,0]: 0.000000 0.474044 3.105000
[2,3];[4,0]: 0.780680 0.431818 9.172500
[4,1];[2,2]: 0.608719 0.685223 8.437500
[2,2];[4,1]: 0.789017 0.392271 8.665000
[4,0];[2,3]: 0.580816 0.770950 7.145000
[0,0];[1,4]: 0.449100 0.462286 5.332500
[1,4];[0,0]: 0.000354 0.415411 3.895000
[4,3];[0,1]: 0.012125 0.471972 4.240000
[0,1];[4,3]: 0.975900 0.546667 4.672500
