Training games = 400 chromosome file = /Users/rodrigocanaan/Dev/MapElitesResults/WorkflowTest/MapElites/5by5final1/iteration999999.json
[2,3];[2,2]: 0.470951 0.605435 14.700000
[1,4];[1,3]: 0.216123 0.801912 15.565000
[3,2];[3,1]: 0.790202 0.476554 7.470000
[4,1];[4,0]: 0.389995 0.137703 4.900000
[1,3];[1,4]: 0.219237 0.802047 15.557500
[2,2];[2,3]: 0.437981 0.807317 15.500000
[3,1];[3,2]: 0.371338 0.636461 9.912500
[4,0];[4,1]: 0.839216 0.343809 4.237500
[3,2];[4,0]: 0.498864 0.416667 7.160000
[4,1];[3,1]: 0.704408 0.381574 6.872500
[3,1];[4,1]: 0.720255 0.386373 7.020000
[4,0];[3,2]: 0.604732 0.637382 7.965000
[0,1];[4,0]: 0.559708 0.006823 3.100000
[4,0];[0,1]: 0.000000 0.297071 3.247500
[1,2];[2,2]: 0.380460 0.597365 13.660000
[2,2];[1,2]: 0.384831 0.592283 13.697500
[0,0];[3,0]: 0.561556 0.010638 3.090000
[3,0];[0,0]: 0.000000 0.296650 3.242500
[2,1];[1,0]: 0.000000 0.422896 7.952500
[1,0];[2,1]: 0.089265 0.348097 5.832500
[2,1];[2,2]: 0.125997 0.344185 1.232500
[2,2];[2,1]: 0.064307 0.617049 4.742500
[3,4];[3,2]: 0.564923 0.694377 16.205000
[3,2];[3,4]: 0.533730 0.754648 16.530000
[1,2];[1,0]: 0.000000 0.512618 3.260000
[1,0];[1,2]: 0.131410 0.343131 1.202500
[2,4];[3,1]: 0.753390 0.534009 6.300000
[3,3];[2,2]: 0.446107 0.589666 12.092500
[2,2];[3,3]: 0.528515 0.800681 12.527500
[3,1];[2,4]: 0.606459 0.721007 6.487500
[2,0];[1,2]: 0.124260 0.342693 1.205000
[1,1];[2,1]: 0.204267 0.393012 4.337500
[1,2];[2,0]: 0.000000 0.488920 2.995000
[2,1];[1,1]: 0.096686 0.320589 5.687500
[1,4];[2,1]: 0.028061 0.739896 8.905000
[2,1];[1,4]: 0.303940 0.678157 6.755000
[4,1];[1,4]: 0.169555 0.775380 9.880000
[1,4];[4,1]: 0.834928 0.502918 5.397500
[1,3];[4,0]: 0.691023 0.451839 10.967500
[4,0];[1,3]: 0.175222 0.790734 9.080000
[2,1];[3,1]: 0.837556 0.224018 4.847500
[3,1];[2,1]: 0.017126 0.590430 7.062500
[0,0];[1,2]: 0.622294 0.280335 3.962500
[1,2];[0,0]: 0.013201 0.406298 3.900000
[2,0];[2,1]: 0.089265 0.348097 5.832500
[1,1];[1,2]: 0.585469 0.308345 5.227500
[1,2];[1,1]: 0.098449 0.516590 5.305000
[2,1];[2,0]: 0.000000 0.422896 7.952500
[2,4];[3,2]: 0.584558 0.697908 16.835000
[2,3];[3,3]: 0.625675 0.802081 19.272500
[3,3];[2,3]: 0.515853 0.802595 19.252500
[3,2];[2,4]: 0.504068 0.776230 15.960000
[2,4];[2,3]: 0.530095 0.800485 19.622500
[4,4];[4,3]: 0.804773 0.799780 17.420000
[2,3];[2,4]: 0.535739 0.821022 19.517500
[3,2];[3,3]: 0.540358 0.761619 16.885000
[4,2];[4,1]: 0.780841 0.531725 8.297500
[3,3];[3,2]: 0.543373 0.694128 16.930000
[4,1];[4,2]: 0.390204 0.637792 10.112500
[4,3];[4,4]: 0.804773 0.799780 17.420000
[3,0];[4,4]: 0.885726 0.643258 6.580000
[4,4];[3,0]: 0.454093 0.484717 6.402500
[3,4];[4,3]: 0.835534 0.783500 17.610000
[4,3];[3,4]: 0.539722 0.798086 17.697500
[2,0];[3,2]: 0.445215 0.423529 8.335000
[3,2];[2,0]: 0.000000 0.496054 3.885000
[2,4];[4,1]: 0.759996 0.537123 6.507500
[2,3];[4,2]: 0.548963 0.688868 16.622500
[4,2];[2,3]: 0.398684 0.749403 15.705000
[4,1];[2,4]: 0.618963 0.731608 6.477500
[4,1];[1,2]: 0.059968 0.367780 1.735000
[1,2];[4,1]: 0.245951 0.455724 4.025000
[0,1];[1,3]: 0.456399 0.372694 3.467500
[1,3];[0,1]: 0.018998 0.411428 3.832500
[3,3];[2,1]: 0.021864 0.753142 9.035000
[2,1];[3,3]: 0.518892 0.620189 9.355000
[1,2];[4,0]: 0.326060 0.443170 4.665000
[4,0];[1,2]: 0.058031 0.389978 1.807500
[2,3];[1,3]: 0.163592 0.808476 15.810000
[1,4];[2,2]: 0.447354 0.597993 14.810000
[1,3];[2,3]: 0.509194 0.761150 18.982500
[2,2];[1,4]: 0.158653 0.824182 12.367500
[2,0];[4,1]: 0.835030 0.229233 4.967500
[4,1];[2,0]: 0.000000 0.503614 5.950000
[1,1];[4,2]: 0.469015 0.396853 6.155000
[4,4];[1,3]: 0.116812 0.819666 14.720000
[4,2];[1,1]: 0.031087 0.579334 8.462500
[1,3];[4,4]: 0.823512 0.733052 17.245000
[0,1];[1,0]: 0.000000 0.254982 2.305000
[1,0];[0,1]: 0.023867 0.272146 2.855000
[2,4];[1,0]: 0.000000 0.710897 7.365000
[1,0];[2,4]: 0.752158 0.670528 7.395000
[2,0];[1,1]: 0.089638 0.256822 4.512500
[1,1];[2,0]: 0.000000 0.247626 2.365000
[1,2];[2,1]: 0.064937 0.613472 4.692500
[2,1];[1,2]: 0.124933 0.345276 1.220000
[4,2];[2,1]: 0.001428 0.769659 8.657500
[2,1];[4,2]: 0.421250 0.425881 10.485000
[0,0];[4,4]: 1.000000 NaN 3.500000
[4,4];[0,0]: 0.000000 0.488696 3.635000
[0,1];[2,1]: 0.240385 0.227473 3.187500
[2,1];[0,1]: 0.020784 0.280380 2.985000
[4,2];[0,1]: 0.000000 0.491843 3.742500
[0,1];[4,2]: 0.563107 0.211310 3.870000
[1,4];[0,1]: 0.022642 0.412514 3.847500
[0,1];[1,4]: 0.457312 0.366667 3.575000
[0,0];[1,3]: 0.463213 0.339216 3.495000
[1,3];[0,0]: 0.022046 0.411395 3.830000
[4,4];[3,3]: 0.539846 0.798280 17.697500
[3,3];[4,4]: 0.834418 0.783313 17.760000
[3,2];[4,3]: 0.852580 0.745421 15.402500
[4,3];[3,2]: 0.507834 0.722343 15.565000
[3,0];[4,3]: 0.887469 0.646576 6.555000
[4,3];[3,0]: 0.457592 0.485491 6.267500
[0,0];[0,1]: 0.164196 0.227905 2.827500
[0,1];[0,0]: 0.154680 0.227088 2.822500
[2,0];[3,1]: 0.835550 0.228767 4.917500
[3,1];[2,0]: 0.000000 0.503614 5.950000
[0,0];[0,0]: 0.163759 0.225244 2.880000
[3,0];[3,0]: 0.670044 0.187950 3.532500
[2,0];[2,0]: 0.000000 0.280833 5.387500
[1,1];[1,1]: 0.332004 0.384239 5.252500
[0,1];[0,1]: 0.161916 0.227569 2.822500
[3,4];[3,4]: 0.615006 0.793174 18.400000
[2,4];[2,4]: 0.528745 0.810725 19.537500
[4,4];[4,4]: 0.804773 0.799780 17.420000
[2,3];[2,3]: 0.527942 0.806432 19.537500
[3,2];[3,2]: 0.564782 0.613971 15.165000
[3,3];[3,3]: 0.609552 0.795196 19.030000
[4,2];[4,2]: 0.511659 0.633675 13.655000
[4,1];[4,1]: 0.714600 0.386436 7.165000
[1,4];[1,4]: 0.217251 0.800780 15.515000
[4,3];[4,3]: 0.804773 0.799780 17.420000
[1,2];[1,2]: 0.377997 0.595461 13.720000
[2,1];[2,1]: 0.071459 0.487175 8.405000
[1,3];[1,3]: 0.219038 0.802060 15.602500
[2,2];[2,2]: 0.379522 0.598430 14.035000
[1,0];[1,0]: 0.000000 0.280833 5.387500
[3,1];[3,1]: 0.720837 0.373861 6.577500
[4,0];[4,0]: 0.664366 0.190927 3.565000
[2,4];[2,2]: 0.458655 0.609765 14.782500
[4,2];[4,0]: 0.363636 0.457197 6.540000
[3,3];[3,1]: 0.828606 0.512247 6.017500
[2,2];[2,4]: 0.450337 0.838057 15.680000
[3,1];[3,3]: 0.313144 0.751609 10.465000
[4,0];[4,2]: 0.630351 0.629882 7.980000
[2,0];[1,0]: 0.000000 0.280833 5.387500
[1,0];[2,0]: 0.000000 0.280833 5.387500
[0,0];[1,0]: 0.000000 0.255343 2.322500
[1,0];[0,0]: 0.020848 0.271926 2.845000
[2,3];[1,0]: 0.000000 0.713485 7.622500
[1,0];[2,3]: 0.528237 0.602866 8.480000
[4,4];[2,2]: 0.100784 0.484968 4.020000
[2,2];[4,4]: 0.788830 0.752475 7.102500
[2,4];[1,3]: 0.163810 0.808436 15.770000
[1,3];[2,4]: 0.516043 0.782551 19.207500
[4,4];[1,2]: 0.100784 0.484968 4.020000
[1,2];[4,4]: 0.789136 0.751808 7.092500
[3,2];[2,1]: 0.074264 0.606255 5.927500
[2,1];[3,2]: 0.435119 0.449273 9.577500
[1,1];[4,0]: 0.673140 0.018095 5.427500
[1,4];[4,3]: 0.823512 0.733052 17.245000
[3,3];[1,3]: 0.156798 0.805388 16.012500
[4,3];[1,4]: 0.116812 0.819666 14.717500
[1,3];[3,3]: 0.597141 0.756570 18.680000
[4,0];[1,1]: 0.018243 0.464406 6.572500
[2,2];[1,0]: 0.000000 0.492200 3.140000
[1,0];[2,2]: 0.127010 0.342593 1.207500
[1,3];[1,0]: 0.000000 0.701340 7.460000
[1,0];[1,3]: 0.314374 0.634409 4.677500
[3,4];[1,3]: 0.188797 0.819462 15.047500
[1,3];[3,4]: 0.587211 0.746564 18.645000
[2,3];[0,1]: 0.017784 0.413497 3.892500
[0,1];[2,3]: 0.686761 0.851852 3.787500
[4,4];[2,1]: 0.000000 0.835235 7.620000
[2,1];[4,4]: 0.892963 0.544017 8.947500
[0,0];[2,4]: 0.688386 0.849057 3.775000
[2,4];[0,0]: 0.015301 0.415516 3.942500
[0,0];[2,0]: 0.000000 0.246647 2.292500
[2,0];[0,0]: 0.025880 0.272567 2.857500
[1,1];[3,3]: 0.678814 0.816527 10.145000
[3,3];[1,1]: 0.145204 0.629487 10.632500
[4,4];[3,1]: 0.756533 0.575570 7.025000
[3,1];[4,4]: 0.862633 0.717391 9.867500
[0,0];[1,1]: 0.288755 0.275846 3.367500
[1,1];[0,0]: 0.179632 0.261080 3.145000
[1,1];[3,1]: 0.916220 0.212619 3.752500
[3,1];[1,1]: 0.018983 0.466253 7.245000
[1,1];[4,3]: 0.991519 0.412500 9.540000
[1,4];[4,0]: 0.682935 0.452989 10.995000
[4,1];[1,3]: 0.168836 0.779453 9.825000
[4,3];[1,1]: 0.027498 0.649134 9.782500
[1,3];[4,1]: 0.834100 0.505797 5.465000
[4,0];[1,4]: 0.179284 0.795708 8.975000
[2,0];[4,3]: 0.892972 0.543703 8.942500
[4,3];[2,0]: 0.000000 0.835235 7.620000
[1,1];[3,2]: 0.540028 0.431649 6.247500
[3,2];[1,1]: 0.136465 0.516959 7.230000
[3,0];[2,1]: 0.014951 0.633748 7.940000
[2,1];[3,0]: 0.568827 0.178961 7.655000
[2,4];[4,2]: 0.557475 0.700327 16.292500
[2,3];[4,1]: 0.827292 0.512944 6.042500
[4,2];[2,4]: 0.542001 0.760319 13.065000
[4,1];[2,3]: 0.300948 0.756963 10.435000
[2,2];[4,0]: 0.317376 0.439282 4.700000
[4,0];[2,2]: 0.054082 0.390430 1.815000
[0,1];[1,2]: 0.622857 0.253247 3.852500
[1,2];[0,1]: 0.016129 0.409074 3.920000
[4,2];[1,4]: 0.143451 0.770989 13.117500
[1,4];[4,2]: 0.448309 0.650718 15.735000
[4,1];[2,1]: 0.017133 0.591663 7.077500
[2,1];[4,1]: 0.832591 0.233603 5.017500
[0,1];[2,2]: 0.626700 0.273333 3.840000
[2,2];[0,1]: 0.016165 0.410962 3.917500
[3,0];[3,4]: 0.542803 0.766019 8.475000
[1,4];[1,0]: 0.000000 0.701340 7.460000
[3,4];[3,0]: 0.596644 0.460863 8.737500
[1,0];[1,4]: 0.321339 0.645283 5.015000
[0,0];[4,2]: 0.559807 0.209337 3.860000
[4,2];[0,0]: 0.000000 0.491843 3.742500
[2,0];[4,2]: 0.441549 0.402054 9.155000
[4,2];[2,0]: 0.000000 0.765068 8.417500
[4,1];[0,1]: 0.000000 0.276798 3.257500
[0,1];[4,1]: 0.812233 0.218857 2.840000
[3,0];[1,1]: 0.018881 0.465554 6.585000
[1,1];[3,0]: 0.672431 0.015326 5.395000
[1,1];[1,3]: 0.417193 0.651515 6.427500
[4,4];[4,2]: 0.518062 0.718210 15.912500
[4,2];[4,4]: 0.824049 0.742580 15.137500
[4,1];[4,3]: 0.875367 0.718043 10.017500
[4,1];[1,0]: 0.000000 0.503827 5.950000
[4,3];[4,1]: 0.751776 0.574664 7.092500
[1,3];[1,1]: 0.163884 0.595572 9.192500
[1,0];[4,1]: 0.833922 0.231011 4.987500
[4,4];[3,2]: 0.507834 0.722343 15.565000
[3,3];[4,3]: 0.834418 0.783313 17.760000
[3,2];[4,4]: 0.852694 0.745421 15.402500
[4,3];[3,3]: 0.539846 0.798280 17.697500
[3,0];[1,2]: 0.056995 0.390005 1.820000
[3,2];[1,4]: 0.198266 0.770486 13.262500
[1,4];[3,2]: 0.464702 0.652626 16.147500
[1,2];[3,0]: 0.316342 0.442812 4.630000
[1,3];[3,1]: 0.834901 0.502712 5.397500
[3,1];[1,3]: 0.166928 0.773885 9.815000
[2,0];[3,3]: 0.534969 0.599270 8.545000
[3,3];[2,0]: 0.000000 0.718196 7.802500
[3,0];[4,0]: 0.680395 0.189791 3.540000
[4,0];[3,0]: 0.681344 0.187582 3.495000
[3,0];[2,4]: 0.712480 0.758170 6.412500
[2,4];[3,0]: 0.621476 0.465501 9.717500
[4,3];[3,1]: 0.754914 0.576156 6.992500
[3,1];[4,3]: 0.865940 0.721751 9.942500
[4,3];[1,0]: 0.000000 0.835235 7.620000
[1,0];[4,3]: 0.892972 0.543703 8.942500
[3,0];[4,2]: 0.621869 0.638952 8.000000
[4,2];[3,0]: 0.372960 0.457588 6.617500
[2,0];[0,1]: 0.025491 0.271485 2.860000
[0,1];[2,0]: 0.000000 0.252021 2.320000
[4,3];[2,2]: 0.100784 0.484968 4.020000
[2,2];[4,3]: 0.787434 0.751567 7.132500
[3,0];[3,3]: 0.543979 0.770367 8.440000
[3,3];[3,0]: 0.578414 0.460054 9.197500
[0,0];[3,2]: 0.609570 0.276650 3.747500
[3,2];[0,0]: 0.014411 0.399779 3.935000
[4,3];[1,2]: 0.100784 0.484968 4.020000
[1,2];[4,3]: 0.787417 0.750668 7.157500
[3,0];[1,3]: 0.175174 0.784067 8.985000
[2,3];[1,2]: 0.459375 0.604230 14.240000
[3,3];[0,1]: 0.018449 0.420687 3.900000
[1,2];[2,3]: 0.439585 0.799935 15.525000
[1,2];[3,1]: 0.242105 0.456796 3.992500
[1,3];[3,0]: 0.684615 0.450776 10.935000
[3,1];[1,2]: 0.054348 0.367914 1.722500
[0,1];[3,3]: 0.707009 0.854545 3.777500
[1,0];[4,0]: 0.564953 0.177865 7.327500
[4,0];[1,0]: 0.000000 0.562386 6.900000
[3,0];[2,3]: 0.507942 0.780405 8.767500
[2,3];[3,0]: 0.589240 0.459955 9.390000
[1,0];[3,1]: 0.836574 0.224781 4.922500
[3,1];[1,0]: 0.000000 0.503404 5.945000
[0,1];[3,1]: 0.808798 0.218928 2.780000
[3,1];[0,1]: 0.000000 0.277030 3.257500
[2,4];[4,3]: 0.835028 0.802826 16.955000
[4,4];[2,3]: 0.470559 0.803336 17.820000
[2,3];[4,4]: 0.841953 0.784311 17.787500
[4,3];[2,4]: 0.566765 0.831505 17.195000
[1,4];[3,1]: 0.834172 0.502295 5.400000
[3,2];[1,3]: 0.187914 0.768692 13.000000
[1,3];[3,2]: 0.463694 0.648764 16.155000
[3,1];[1,4]: 0.170801 0.780800 9.875000
[2,4];[2,1]: 0.027300 0.751777 8.740000
[2,1];[2,4]: 0.738002 0.681503 7.672500
[1,1];[1,4]: 0.409919 0.641376 6.355000
[1,4];[1,1]: 0.160279 0.592992 9.055000
[4,3];[4,0]: 0.462425 0.486180 6.472500
[4,0];[4,3]: 0.888152 0.643535 6.437500
[0,0];[2,3]: 0.687093 0.849057 3.782500
[2,3];[0,0]: 0.017430 0.413592 3.900000
[3,3];[1,4]: 0.157328 0.805928 15.975000
[1,4];[3,3]: 0.597141 0.756570 18.680000
[3,4];[2,1]: 0.106702 0.673904 6.015000
[2,1];[3,4]: 0.406784 0.609485 8.450000
[1,1];[4,4]: 0.991519 0.412500 9.540000
[4,4];[1,1]: 0.027498 0.649134 9.782500
[4,2];[1,3]: 0.143659 0.771158 13.117500
[1,3];[4,2]: 0.448033 0.650133 15.712500
[3,4];[2,2]: 0.450780 0.588599 12.037500
[2,2];[3,4]: 0.526938 0.786903 12.342500
[3,0];[2,0]: 0.000000 0.562591 6.897500
[2,0];[3,0]: 0.570362 0.177149 7.297500
[2,4];[0,1]: 0.017603 0.415820 3.957500
[0,1];[2,4]: 0.686880 0.851852 3.782500
[0,0];[2,1]: 0.239808 0.225469 3.185000
[2,1];[0,0]: 0.020239 0.280606 3.010000
[2,0];[1,3]: 0.317336 0.648393 4.925000
[1,3];[2,0]: 0.000000 0.701340 7.460000
[3,3];[1,2]: 0.444332 0.590609 12.060000
[1,2];[3,3]: 0.534170 0.800595 12.595000
[2,0];[2,4]: 0.742839 0.673984 7.285000
[2,4];[2,0]: 0.000000 0.709651 7.395000
[3,0];[3,1]: 0.840900 0.330851 4.105000
[1,2];[1,3]: 0.152868 0.823108 12.345000
[1,3];[1,2]: 0.448953 0.599805 15.070000
[3,1];[3,0]: 0.389949 0.146570 4.950000
[2,0];[4,0]: 0.560721 0.178347 7.270000
[4,0];[2,0]: 0.000000 0.562432 6.895000
[0,0];[4,3]: 1.000000 NaN 3.500000
[4,3];[0,0]: 0.000000 0.488696 3.635000
[3,2];[0,1]: 0.020586 0.398783 3.957500
[0,1];[3,2]: 0.614833 0.309645 3.805000
[2,3];[1,4]: 0.160846 0.811435 15.857500
[1,4];[2,3]: 0.509194 0.761150 18.982500
[1,3];[2,2]: 0.449560 0.596326 14.780000
[2,2];[1,3]: 0.153092 0.826560 12.497500
[2,3];[2,1]: 0.024114 0.751989 9.032500
[2,1];[2,3]: 0.511738 0.623418 9.325000
[4,4];[4,1]: 0.753582 0.576216 7.110000
[4,2];[4,3]: 0.824049 0.742580 15.137500
[4,1];[4,4]: 0.878864 0.717992 10.107500
[4,3];[4,2]: 0.518062 0.718210 15.912500
[3,4];[4,1]: 0.821059 0.516888 5.882500
[4,1];[3,4]: 0.326569 0.754222 10.330000
[2,0];[4,4]: 0.892972 0.543703 8.942500
[4,4];[2,0]: 0.000000 0.835235 7.620000
[4,4];[0,1]: 0.000000 0.488696 3.635000
[0,1];[4,4]: 1.000000 NaN 3.500000
[2,4];[1,4]: 0.164589 0.811704 15.732500
[1,4];[2,4]: 0.512943 0.784499 19.217500
[3,4];[3,1]: 0.825105 0.518526 5.857500
[3,1];[3,4]: 0.316321 0.748147 10.397500
[3,4];[1,2]: 0.456021 0.587568 12.077500
[3,2];[1,0]: 0.000000 0.491947 3.787500
[1,2];[3,4]: 0.526433 0.787526 12.372500
[1,0];[3,2]: 0.448450 0.426860 8.417500
[0,0];[3,1]: 0.811881 0.217890 2.800000
[3,1];[0,0]: 0.000000 0.276359 3.252500
[3,0];[4,1]: 0.840779 0.339303 4.227500
[4,1];[3,0]: 0.400573 0.140671 5.020000
[3,4];[2,3]: 0.527828 0.806968 19.110000
[2,3];[3,4]: 0.609112 0.796671 19.177500
[3,2];[4,1]: 0.784106 0.483125 7.402500
[3,3];[4,2]: 0.529327 0.688604 16.452500
[4,2];[3,3]: 0.461183 0.748253 15.495000
[4,1];[3,2]: 0.388746 0.636285 9.980000
[3,1];[4,0]: 0.389790 0.145999 5.020000
[4,0];[3,1]: 0.838720 0.339336 4.167500
[0,0];[3,3]: 0.707009 0.866071 3.780000
[3,3];[0,0]: 0.015115 0.420754 3.882500
[0,0];[3,4]: 0.665180 0.361111 3.760000
[3,4];[0,0]: 0.029861 0.427597 3.955000
[3,0];[0,1]: 0.000000 0.296839 3.247500
[0,1];[3,0]: 0.570059 0.009690 3.122500
[2,4];[3,3]: 0.630630 0.793220 19.450000
[2,3];[3,2]: 0.567678 0.688483 17.107500
[3,3];[2,4]: 0.518297 0.817299 19.250000
[3,2];[2,3]: 0.457280 0.765023 17.137500
[2,2];[3,1]: 0.249723 0.454655 4.087500
[3,1];[2,2]: 0.056849 0.367780 1.732500
[0,0];[2,2]: 0.625459 0.267699 3.887500
[2,2];[0,0]: 0.014828 0.409659 3.977500
[3,3];[1,0]: 0.000000 0.718196 7.802500
[1,0];[3,3]: 0.534969 0.599270 8.545000
[1,1];[1,0]: 0.000000 0.252540 2.397500
[4,4];[4,0]: 0.458635 0.485321 6.315000
[1,0];[1,1]: 0.091066 0.257838 4.502500
[4,0];[4,4]: 0.892339 0.640299 6.387500
[0,0];[4,0]: 0.558088 0.011583 3.150000
[4,0];[0,0]: 0.000000 0.296650 3.242500
[2,4];[4,4]: 0.834345 0.799169 16.920000
[4,4];[2,4]: 0.562709 0.832984 17.262500
[2,3];[4,3]: 0.841953 0.784311 17.787500
[4,3];[2,3]: 0.470559 0.803336 17.820000
[1,1];[2,2]: 0.574727 0.315789 5.007500
[4,2];[1,0]: 0.000000 0.765068 8.417500
[2,2];[1,1]: 0.095142 0.525894 5.555000
[1,0];[4,2]: 0.439484 0.401817 9.107500
[3,4];[4,4]: 0.835945 0.782817 17.725000
[4,4];[3,4]: 0.539846 0.798280 17.697500
[2,3];[3,1]: 0.827510 0.514792 5.967500
[3,2];[2,2]: 0.364118 0.523338 8.825000
[2,2];[3,2]: 0.467863 0.650594 10.745000
[3,1];[2,3]: 0.289367 0.756175 10.457500
[2,0];[2,2]: 0.139683 0.342812 1.200000
[2,2];[2,0]: 0.000000 0.504857 3.112500
[0,0];[4,1]: 0.807574 0.218213 2.812500
[1,1];[2,3]: 0.644962 0.815990 10.307500
[4,4];[1,0]: 0.000000 0.835235 7.620000
[2,3];[1,1]: 0.160267 0.627488 10.607500
[4,1];[0,0]: 0.000000 0.276126 3.252500
[1,0];[4,4]: 0.892972 0.543703 8.942500
[1,1];[3,4]: 0.573518 0.549091 7.280000
[3,4];[1,1]: 0.183984 0.588295 7.820000
[4,2];[1,2]: 0.079609 0.496767 3.790000
[1,2];[4,2]: 0.453499 0.646676 10.472500
[2,0];[3,4]: 0.432506 0.575645 7.115000
[3,4];[2,0]: 0.000000 0.551083 3.850000
[3,4];[2,4]: 0.525447 0.825928 19.222500
[2,4];[1,2]: 0.463580 0.609662 14.795000
[2,4];[3,4]: 0.622112 0.793236 19.412500
[1,2];[2,4]: 0.442544 0.836992 15.977500
[1,1];[0,1]: 0.170293 0.261348 3.150000
[0,1];[1,1]: 0.290382 0.273540 3.365000
[2,4];[4,0]: 0.620610 0.464153 9.665000
[4,2];[2,2]: 0.079609 0.496767 3.790000
[2,2];[4,2]: 0.455067 0.639388 10.387500
[4,0];[2,4]: 0.719265 0.757559 6.197500
[3,0];[3,2]: 0.620244 0.633734 7.855000
[1,4];[1,2]: 0.452178 0.596989 14.935000
[3,2];[3,0]: 0.503855 0.415132 7.187500
[1,2];[1,4]: 0.156606 0.824986 12.107500
[3,4];[4,2]: 0.547424 0.688182 15.735000
[4,2];[3,4]: 0.461183 0.748253 15.495000
[3,4];[0,1]: 0.027947 0.428111 3.942500
[0,1];[3,4]: 0.663600 0.355978 3.812500
[4,4];[1,4]: 0.116812 0.819666 14.717500
[1,4];[4,4]: 0.823512 0.733052 17.245000
[4,2];[3,1]: 0.780488 0.527093 8.412500
[3,3];[4,0]: 0.591473 0.457104 9.287500
[3,1];[4,2]: 0.374802 0.633222 10.157500
[4,0];[3,3]: 0.540756 0.770097 8.500000
[3,2];[4,2]: 0.560658 0.611853 14.802500
[4,2];[3,2]: 0.504384 0.630120 13.320000
[3,3];[4,1]: 0.826689 0.515257 6.052500
[4,1];[3,3]: 0.316393 0.751086 10.462500
[3,0];[2,2]: 0.055122 0.389342 1.815000
[2,2];[3,0]: 0.319929 0.439442 4.727500
[1,1];[2,4]: 0.643631 0.811167 10.295000
[2,4];[1,1]: 0.161788 0.625000 10.195000
[4,3];[2,1]: 0.000000 0.835235 7.620000
[2,1];[4,3]: 0.892963 0.544017 8.947500
[1,1];[4,1]: 0.915222 0.212766 3.685000
[4,1];[1,1]: 0.012323 0.467811 7.322500
[4,3];[1,3]: 0.116812 0.819666 14.717500
[1,3];[4,3]: 0.823512 0.733052 17.245000
[3,0];[1,4]: 0.173079 0.793512 9.010000
[3,4];[1,0]: 0.000000 0.549292 3.635000
[1,4];[3,0]: 0.688324 0.449515 10.950000
[3,2];[1,2]: 0.361536 0.521976 8.757500
[1,2];[3,2]: 0.465936 0.646185 10.532500
[1,0];[3,4]: 0.432472 0.573162 7.062500
[3,4];[4,0]: 0.595338 0.461809 8.537500
[4,0];[3,4]: 0.543154 0.774403 8.617500
[3,4];[3,3]: 0.618886 0.800781 18.905000
[3,3];[3,4]: 0.592700 0.793846 18.955000
[2,0];[2,3]: 0.528237 0.602866 8.480000
[2,3];[2,0]: 0.000000 0.713485 7.622500
[3,0];[1,0]: 0.000000 0.562660 6.890000
[3,4];[1,4]: 0.188235 0.821259 14.915000
[1,4];[3,4]: 0.585825 0.747231 18.540000
[1,0];[3,0]: 0.562143 0.179854 7.342500
[2,1];[1,3]: 0.297890 0.677419 6.535000
[1,3];[2,1]: 0.028061 0.739896 8.905000
[2,1];[4,0]: 0.562657 0.179700 7.760000
[4,0];[2,1]: 0.014960 0.633681 7.962500
[2,0];[1,4]: 0.313198 0.631754 4.840000
[1,4];[2,0]: 0.000000 0.701340 7.460000
[2,3];[4,0]: 0.588948 0.458842 9.445000
[4,1];[2,2]: 0.059459 0.368718 1.752500
[2,2];[4,1]: 0.252402 0.455776 4.090000
[4,0];[2,3]: 0.522291 0.776600 8.715000
[0,0];[1,4]: 0.465525 0.389313 3.527500
[1,4];[0,0]: 0.017981 0.411428 3.830000
[4,3];[0,1]: 0.000000 0.488696 3.635000
[0,1];[4,3]: 1.000000 NaN 3.500000
