Training games = 400 chromosome file = /Users/rodrigocanaan/Dev/MapElitesResults/WorkflowTest/MapElites/5by5final2/iteration999999.json
[2,3];[2,2]: 0.468731 0.606518 15.132500
[1,4];[1,3]: 0.277176 0.776227 16.017500
[3,2];[3,1]: 0.683281 0.520194 10.065000
[4,1];[4,0]: 0.675601 0.153846 2.942500
[1,3];[1,4]: 0.268453 0.820063 15.697500
[2,2];[2,3]: 0.454681 0.784241 16.242500
[3,1];[3,2]: 0.660238 0.485792 6.395000
[4,0];[4,1]: 0.888937 0.221064 3.137500
[3,2];[4,0]: 0.832915 0.423077 6.605000
[4,1];[3,1]: 0.041260 0.505984 8.195000
[3,1];[4,1]: 0.565711 0.305137 5.355000
[4,0];[3,2]: 0.621112 0.505482 6.750000
[0,1];[4,0]: 0.423094 0.322785 3.355000
[4,0];[0,1]: 0.000000 0.335766 1.142500
[1,2];[2,2]: 0.414561 0.600442 13.822500
[2,2];[1,2]: 0.372360 0.575588 13.835000
[0,0];[3,0]: 0.262753 0.313526 3.387500
[3,0];[0,0]: 0.000000 0.344183 1.227500
[2,1];[1,0]: 0.000000 0.374794 5.662500
[1,0];[2,1]: 0.107546 0.367136 7.382500
[2,1];[2,2]: 0.023256 0.347983 1.287500
[2,2];[2,1]: 0.125922 0.512178 5.985000
[3,4];[3,2]: 0.660797 0.695371 16.465000
[3,2];[3,4]: 0.579423 0.706211 16.172500
[1,2];[1,0]: 0.000000 0.471451 3.317500
[1,0];[1,2]: 0.117909 0.334887 0.987500
[2,4];[3,1]: 0.638976 0.600183 7.862500
[3,3];[2,2]: 0.474368 0.594675 15.090000
[2,2];[3,3]: 0.489585 0.752248 15.615000
[3,1];[2,4]: 0.609737 0.710490 5.220000
[2,0];[1,2]: 0.117940 0.335321 0.995000
[1,1];[2,1]: 0.183931 0.351914 4.025000
[1,2];[2,0]: 0.000000 0.476139 3.302500
[2,1];[1,1]: 0.001206 0.349970 1.240000
[1,4];[2,1]: 0.254014 0.470194 7.517500
[2,1];[1,4]: 0.564852 0.764572 5.357500
[4,1];[1,4]: 0.511144 0.753680 4.720000
[1,4];[4,1]: 0.780986 0.528835 8.135000
[1,3];[4,0]: 0.740278 0.416002 4.257500
[4,0];[1,3]: 0.766723 0.717330 3.602500
[2,1];[3,1]: 0.022447 0.446384 7.217500
[3,1];[2,1]: 0.000000 0.540843 9.352500
[0,0];[1,2]: 0.487290 0.362669 7.720000
[1,2];[0,0]: 0.009715 0.463095 4.447500
[2,0];[2,1]: 0.108029 0.364412 7.422500
[1,1];[1,2]: 0.486840 0.383121 7.862500
[1,2];[1,1]: 0.149598 0.556597 7.070000
[2,1];[2,0]: 0.000000 0.374794 5.662500
[2,4];[3,2]: 0.742225 0.691936 15.260000
[2,3];[3,3]: 0.596484 0.804240 18.942500
[3,3];[2,3]: 0.545840 0.797284 19.025000
[3,2];[2,4]: 0.508896 0.740241 15.392500
[2,4];[2,3]: 0.535029 0.803953 19.745000
[4,4];[4,3]: 0.804683 0.789957 17.802500
[2,3];[2,4]: 0.518902 0.808690 19.742500
[3,2];[3,3]: 0.576515 0.703374 16.280000
[4,2];[4,1]: 0.822635 0.543771 10.162500
[3,3];[3,2]: 0.671578 0.687535 16.225000
[4,1];[4,2]: 0.600371 0.523513 10.090000
[4,3];[4,4]: 0.804683 0.789957 17.802500
[3,0];[4,4]: 0.860403 0.589722 5.700000
[4,4];[3,0]: 0.749267 0.490958 4.777500
[3,4];[4,3]: 0.843888 0.775140 17.742500
[4,3];[3,4]: 0.546855 0.803807 17.630000
[2,0];[3,2]: 0.738111 0.372230 7.845000
[3,2];[2,0]: 0.000000 0.472687 4.040000
[2,4];[4,1]: 0.821792 0.605323 8.182500
[2,3];[4,2]: 0.801083 0.709145 14.725000
[4,2];[2,3]: 0.521265 0.742222 14.920000
[4,1];[2,4]: 0.664817 0.677345 6.825000
[4,1];[1,2]: 0.025256 0.336056 1.237500
[1,2];[4,1]: 0.251554 0.459372 3.570000
[0,1];[1,3]: 0.300310 0.601076 6.642500
[1,3];[0,1]: 0.010240 0.470661 4.102500
[3,3];[2,1]: 0.306467 0.473550 6.670000
[2,1];[3,3]: 0.276684 0.610165 7.240000
[1,2];[4,0]: 0.423917 0.464674 3.712500
[4,0];[1,2]: 0.028285 0.338253 1.200000
[2,3];[1,3]: 0.225451 0.847701 15.832500
[1,4];[2,2]: 0.512924 0.581944 14.207500
[1,3];[2,3]: 0.546519 0.724190 18.157500
[2,2];[1,4]: 0.207007 0.851058 12.335000
[2,0];[4,1]: 0.800235 0.195220 4.737500
[4,1];[2,0]: 0.000000 0.374008 5.795000
[1,1];[4,2]: 0.694808 0.501534 6.230000
[4,4];[1,3]: 0.266141 0.790972 13.032500
[4,2];[1,1]: 0.158100 0.521162 5.905000
[1,3];[4,4]: 0.792584 0.720604 15.485000
[0,1];[1,0]: 0.000000 0.320639 2.935000
[1,0];[0,1]: 0.000000 0.323787 0.747500
[2,4];[1,0]: 0.000000 0.597920 4.970000
[1,0];[2,4]: 0.709787 0.610050 5.225000
[2,0];[1,1]: 0.027574 0.324749 0.815000
[1,1];[2,0]: 0.000000 0.358875 3.155000
[1,2];[2,1]: 0.198980 0.444153 4.375000
[2,1];[1,2]: 0.020311 0.347957 1.287500
[4,2];[2,1]: 0.212058 0.491826 7.640000
[2,1];[4,2]: 0.541004 0.481427 7.725000
[0,0];[4,4]: 0.880159 0.500000 5.350000
[4,4];[0,0]: 0.000000 0.482819 3.475000
[0,1];[2,1]: 0.178970 0.327160 3.757500
[2,1];[0,1]: 0.000000 0.350602 1.230000
[4,2];[0,1]: 0.003432 0.464339 4.137500
[0,1];[4,2]: 0.689396 0.470100 5.815000
[1,4];[0,1]: 0.008517 0.471658 4.045000
[0,1];[1,4]: 0.331797 0.613730 5.615000
[0,0];[1,3]: 0.300263 0.600998 6.680000
[1,3];[0,0]: 0.007394 0.469610 4.037500
[4,4];[3,3]: 0.546855 0.803807 17.630000
[3,3];[4,4]: 0.845961 0.776935 17.737500
[3,2];[4,3]: 0.841594 0.682357 15.747500
[4,3];[3,2]: 0.659591 0.702447 15.875000
[3,0];[4,3]: 0.860403 0.589722 5.700000
[4,3];[3,0]: 0.749267 0.490958 4.777500
[0,0];[0,1]: 0.006382 0.303580 3.405000
[0,1];[0,0]: 0.006382 0.303580 3.405000
[2,0];[3,1]: 0.349021 0.324744 5.972500
[3,1];[2,0]: 0.000000 0.463366 6.740000
[0,0];[0,0]: 0.006382 0.303580 3.405000
[3,0];[3,0]: 0.383413 0.199495 3.865000
[2,0];[2,0]: 0.000000 0.237559 5.657500
[1,1];[1,1]: 0.263517 0.448964 6.132500
[0,1];[0,1]: 0.006382 0.303580 3.405000
[3,4];[3,4]: 0.610771 0.795001 18.455000
[2,4];[2,4]: 0.535021 0.808874 19.945000
[4,4];[4,4]: 0.804683 0.789957 17.802500
[2,3];[2,3]: 0.530957 0.800296 19.750000
[3,2];[3,2]: 0.746458 0.605847 15.462500
[3,3];[3,3]: 0.609173 0.795120 18.520000
[4,2];[4,2]: 0.822498 0.619356 14.775000
[4,1];[4,1]: 0.806294 0.355710 7.130000
[1,4];[1,4]: 0.252135 0.814918 16.085000
[4,3];[4,3]: 0.804683 0.789957 17.802500
[1,2];[1,2]: 0.392419 0.572118 13.485000
[2,1];[2,1]: 0.002964 0.483675 8.435000
[1,3];[1,3]: 0.279053 0.772810 15.447500
[2,2];[2,2]: 0.395269 0.598028 14.377500
[1,0];[1,0]: 0.000000 0.237559 5.657500
[3,1];[3,1]: 0.027065 0.473482 8.105000
[4,0];[4,0]: 0.854606 0.167425 2.710000
[2,4];[2,2]: 0.476571 0.606247 15.400000
[4,2];[4,0]: 0.832041 0.434973 6.480000
[3,3];[3,1]: 0.816784 0.556879 9.750000
[2,2];[2,4]: 0.446035 0.794962 16.372500
[3,1];[3,3]: 0.200399 0.661144 6.717500
[4,0];[4,2]: 0.657525 0.506365 6.602500
[2,0];[1,0]: 0.000000 0.237559 5.657500
[1,0];[2,0]: 0.000000 0.237559 5.657500
[0,0];[1,0]: 0.000000 0.320639 2.935000
[1,0];[0,0]: 0.000000 0.323787 0.747500
[2,3];[1,0]: 0.000000 0.590235 4.915000
[1,0];[2,3]: 0.717309 0.590753 5.135000
[4,4];[2,2]: 0.094559 0.486450 3.970000
[2,2];[4,4]: 0.814031 0.719502 7.850000
[2,4];[1,3]: 0.219938 0.849018 15.747500
[1,3];[2,4]: 0.540517 0.732759 18.060000
[4,4];[1,2]: 0.094559 0.486450 3.970000
[1,2];[4,4]: 0.814147 0.718491 7.487500
[3,2];[2,1]: 0.259655 0.482600 7.722500
[2,1];[3,2]: 0.497928 0.479972 7.815000
[1,1];[4,0]: 0.424845 0.331284 3.460000
[1,4];[4,3]: 0.822630 0.712706 17.102500
[3,3];[1,3]: 0.218787 0.851637 14.565000
[4,3];[1,4]: 0.176471 0.857309 14.650000
[1,3];[3,3]: 0.579643 0.722522 17.310000
[4,0];[1,1]: 0.001214 0.334751 1.152500
[2,2];[1,0]: 0.000000 0.604028 4.980000
[1,0];[2,2]: 0.147629 0.338019 0.977500
[1,3];[1,0]: 0.000000 0.547867 4.987500
[1,0];[1,3]: 0.693045 0.667160 5.367500
[3,4];[1,3]: 0.225780 0.850307 14.507500
[1,3];[3,4]: 0.584890 0.723609 17.045000
[2,3];[0,1]: 0.016155 0.503070 4.350000
[0,1];[2,3]: 0.562309 0.588161 6.432500
[4,4];[2,1]: 0.093982 0.579363 7.677500
[2,1];[4,4]: 0.865407 0.587636 7.037500
[0,0];[2,4]: 0.562134 0.591358 6.527500
[2,4];[0,0]: 0.014243 0.502380 4.370000
[0,0];[2,0]: 0.000000 0.320639 2.935000
[2,0];[0,0]: 0.000000 0.323787 0.747500
[1,1];[3,3]: 0.544478 0.544605 8.627500
[3,3];[1,1]: 0.213298 0.557588 8.155000
[4,4];[3,1]: 0.438620 0.560675 8.020000
[3,1];[4,4]: 0.870451 0.620040 6.440000
[0,0];[1,1]: 0.269443 0.431131 5.647500
[1,1];[0,0]: 0.007805 0.318097 3.587500
[1,1];[3,1]: 0.691141 0.500000 3.355000
[3,1];[1,1]: 0.000000 0.332119 1.155000
[1,1];[4,3]: 0.881659 0.503896 5.435000
[1,4];[4,0]: 0.775093 0.419346 4.972500
[4,1];[1,3]: 0.518091 0.694195 4.585000
[4,3];[1,1]: 0.000000 0.487155 3.520000
[1,3];[4,1]: 0.715694 0.510985 6.535000
[4,0];[1,4]: 0.727917 0.758112 3.580000
[2,0];[4,3]: 0.895432 0.524834 6.942500
[4,3];[2,0]: 0.000000 0.723672 7.050000
[1,1];[3,2]: 0.582508 0.487284 6.897500
[3,2];[1,1]: 0.203839 0.519511 6.745000
[3,0];[2,1]: 0.002879 0.467423 8.285000
[2,1];[3,0]: 0.647697 0.247870 4.845000
[2,4];[4,2]: 0.804850 0.701565 14.745000
[2,3];[4,1]: 0.787700 0.604841 8.047500
[4,2];[2,4]: 0.501621 0.745286 14.910000
[4,1];[2,3]: 0.664024 0.613651 5.520000
[2,2];[4,0]: 0.418216 0.453698 3.640000
[4,0];[2,2]: 0.028285 0.338253 1.200000
[0,1];[1,2]: 0.491559 0.365510 7.685000
[1,2];[0,1]: 0.010009 0.464328 4.447500
[4,2];[1,4]: 0.135124 0.825051 13.675000
[1,4];[4,2]: 0.768015 0.628956 15.722500
[4,1];[2,1]: 0.004700 0.472858 8.652500
[2,1];[4,1]: 0.573966 0.289528 4.855000
[0,1];[2,2]: 0.568143 0.508856 6.965000
[2,2];[0,1]: 0.004866 0.502887 4.407500
[3,0];[3,4]: 0.247574 0.586357 5.620000
[1,4];[1,0]: 0.000000 0.557143 5.020000
[3,4];[3,0]: 0.837495 0.469180 4.942500
[1,0];[1,4]: 0.682804 0.759021 5.085000
[0,0];[4,2]: 0.692579 0.463054 5.817500
[4,2];[0,0]: 0.002784 0.467327 4.187500
[2,0];[4,2]: 0.762008 0.378636 7.792500
[4,2];[2,0]: 0.000000 0.473237 4.260000
[4,1];[0,1]: 0.000000 0.338110 1.160000
[0,1];[4,1]: 0.252221 0.316502 3.250000
[3,0];[1,1]: 0.001210 0.343882 1.230000
[1,1];[3,0]: 0.270594 0.328066 3.490000
[1,1];[1,3]: 0.291318 0.733230 8.792500
[4,4];[4,2]: 0.730749 0.702928 15.407500
[4,2];[4,4]: 0.829231 0.682625 15.440000
[4,1];[4,3]: 0.861825 0.604038 8.287500
[4,1];[1,0]: 0.000000 0.366006 5.667500
[4,3];[4,1]: 0.759324 0.647549 9.580000
[1,3];[1,1]: 0.213149 0.528810 7.337500
[1,0];[4,1]: 0.802343 0.193061 4.887500
[4,4];[3,2]: 0.659591 0.702447 15.875000
[3,3];[4,3]: 0.842914 0.773039 17.747500
[3,2];[4,4]: 0.840552 0.683403 15.795000
[4,3];[3,3]: 0.546855 0.803807 17.630000
[3,0];[1,2]: 0.014337 0.342730 1.317500
[3,2];[1,4]: 0.205160 0.830020 13.785000
[1,4];[3,2]: 0.663521 0.637367 16.250000
[1,2];[3,0]: 0.269784 0.452563 3.735000
[1,3];[3,1]: 0.473702 0.601577 7.842500
[3,1];[1,3]: 0.528586 0.754616 4.887500
[2,0];[3,3]: 0.405505 0.536723 5.067500
[3,3];[2,0]: 0.000000 0.501669 3.730000
[3,0];[4,0]: 0.454143 0.161856 2.812500
[4,0];[3,0]: 0.845709 0.179117 2.987500
[3,0];[2,4]: 0.599819 0.629529 4.240000
[2,4];[3,0]: 0.816067 0.460826 4.230000
[4,3];[3,1]: 0.438722 0.559657 8.040000
[3,1];[4,3]: 0.879648 0.620792 6.430000
[4,3];[1,0]: 0.000000 0.723672 7.050000
[1,0];[4,3]: 0.895432 0.524834 6.942500
[3,0];[4,2]: 0.554083 0.488490 6.780000
[4,2];[3,0]: 0.792109 0.442804 7.415000
[2,0];[0,1]: 0.000000 0.323787 0.747500
[0,1];[2,0]: 0.000000 0.320639 2.935000
[4,3];[2,2]: 0.094559 0.486450 3.970000
[2,2];[4,3]: 0.814031 0.719502 7.850000
[3,0];[3,3]: 0.253385 0.584064 5.572500
[3,3];[3,0]: 0.836788 0.470801 4.830000
[0,0];[3,2]: 0.586024 0.447727 6.475000
[3,2];[0,0]: 0.003428 0.454869 4.177500
[4,3];[1,2]: 0.094559 0.486450 3.970000
[1,2];[4,3]: 0.814586 0.718491 7.485000
[3,0];[1,3]: 0.492658 0.677732 3.740000
[2,3];[1,2]: 0.444271 0.584446 14.065000
[3,3];[0,1]: 0.006346 0.481495 4.315000
[1,2];[2,3]: 0.453152 0.797522 15.197500
[1,2];[3,1]: 0.616751 0.633990 3.967500
[1,3];[3,0]: 0.750507 0.431470 4.535000
[3,1];[1,2]: 0.000000 0.331509 1.145000
[0,1];[3,3]: 0.556378 0.495794 7.590000
[1,0];[4,0]: 0.806708 0.147627 4.342500
[4,0];[1,0]: 0.000000 0.395623 6.117500
[3,0];[2,3]: 0.620808 0.578125 3.687500
[2,3];[3,0]: 0.766778 0.462521 4.245000
[1,0];[3,1]: 0.349021 0.324744 5.972500
[3,1];[1,0]: 0.000000 0.463223 6.742500
[0,1];[3,1]: 0.685998 0.485423 3.267500
[3,1];[0,1]: 0.000000 0.331509 1.145000
[2,4];[4,3]: 0.834398 0.788830 17.677500
[4,4];[2,3]: 0.579882 0.788859 15.595000
[2,3];[4,4]: 0.818363 0.790582 16.292500
[4,3];[2,4]: 0.569067 0.818491 17.347500
[1,4];[3,1]: 0.519854 0.591767 9.035000
[3,2];[1,3]: 0.261002 0.790332 12.742500
[1,3];[3,2]: 0.603992 0.647162 15.465000
[3,1];[1,4]: 0.543326 0.817103 4.482500
[2,4];[2,1]: 0.240709 0.473729 4.580000
[2,1];[2,4]: 0.650803 0.630249 5.452500
[1,1];[1,4]: 0.315238 0.765808 8.200000
[1,4];[1,1]: 0.194474 0.531879 6.832500
[4,3];[4,0]: 0.694652 0.494583 4.627500
[4,0];[4,3]: 0.868622 0.546456 5.367500
[0,0];[2,3]: 0.567187 0.588010 6.407500
[2,3];[0,0]: 0.016940 0.503412 4.350000
[3,3];[1,4]: 0.202074 0.885779 15.647500
[1,4];[3,3]: 0.610285 0.723681 18.610000
[3,4];[2,1]: 0.310963 0.468140 6.692500
[2,1];[3,4]: 0.273577 0.609863 7.232500
[1,1];[4,4]: 0.881659 0.503896 5.435000
[4,4];[1,1]: 0.000000 0.487155 3.520000
[4,2];[1,3]: 0.320392 0.768080 12.377500
[1,3];[4,2]: 0.676420 0.660282 14.097500
[3,4];[2,2]: 0.472914 0.593378 14.947500
[2,2];[3,4]: 0.489686 0.754690 15.550000
[3,0];[2,0]: 0.000000 0.353240 5.452500
[2,0];[3,0]: 0.750466 0.187206 4.065000
[2,4];[0,1]: 0.013261 0.502901 4.337500
[0,1];[2,4]: 0.563933 0.589196 6.527500
[0,0];[2,1]: 0.180258 0.327458 3.757500
[2,1];[0,0]: 0.000000 0.350602 1.230000
[2,0];[1,3]: 0.687603 0.664343 5.347500
[1,3];[2,0]: 0.000000 0.548751 5.000000
[3,3];[1,2]: 0.445878 0.577818 13.645000
[1,2];[3,3]: 0.519972 0.749351 13.845000
[2,0];[2,4]: 0.703124 0.616136 5.272500
[2,4];[2,0]: 0.000000 0.591750 4.792500
[3,0];[3,1]: 0.019879 0.445915 6.860000
[1,2];[1,3]: 0.173006 0.843501 11.232500
[1,3];[1,2]: 0.464551 0.569274 13.575000
[3,1];[3,0]: 0.672863 0.237084 4.965000
[2,0];[4,0]: 0.806708 0.147627 4.342500
[4,0];[2,0]: 0.000000 0.395623 6.117500
[0,0];[4,3]: 0.880159 0.500000 5.350000
[4,3];[0,0]: 0.000000 0.482819 3.475000
[3,2];[0,1]: 0.001914 0.452390 4.080000
[0,1];[3,2]: 0.586596 0.456200 6.472500
[2,3];[1,4]: 0.178014 0.880691 15.860000
[1,4];[2,3]: 0.575222 0.718647 18.755000
[1,3];[2,2]: 0.495531 0.588145 14.510000
[2,2];[1,3]: 0.212280 0.808131 13.797500
[2,3];[2,1]: 0.247875 0.475955 4.670000
[2,1];[2,3]: 0.673077 0.591805 4.607500
[4,4];[4,1]: 0.758521 0.641332 9.687500
[4,2];[4,3]: 0.825098 0.685640 15.372500
[4,1];[4,4]: 0.864177 0.606353 8.212500
[4,3];[4,2]: 0.730749 0.702928 15.407500
[3,4];[4,1]: 0.785573 0.560819 8.032500
[4,1];[3,4]: 0.276404 0.611077 6.962500
[2,0];[4,4]: 0.895432 0.524834 6.942500
[4,4];[2,0]: 0.000000 0.723672 7.050000
[4,4];[0,1]: 0.000000 0.482819 3.475000
[0,1];[4,4]: 0.880159 0.500000 5.350000
[2,4];[1,4]: 0.182226 0.881316 16.172500
[1,4];[2,4]: 0.569375 0.725329 18.785000
[3,4];[3,1]: 0.815476 0.555258 9.725000
[3,1];[3,4]: 0.201170 0.660858 6.695000
[3,4];[1,2]: 0.443753 0.576276 13.362500
[3,2];[1,0]: 0.000000 0.470027 3.905000
[1,2];[3,4]: 0.523756 0.752060 13.822500
[1,0];[3,2]: 0.737996 0.375738 7.837500
[0,0];[3,1]: 0.686388 0.486842 3.270000
[3,1];[0,0]: 0.000000 0.331509 1.145000
[3,0];[4,1]: 0.425292 0.296627 4.492500
[4,1];[3,0]: 0.796752 0.248738 5.602500
[3,4];[2,3]: 0.544183 0.794367 19.040000
[2,3];[3,4]: 0.590101 0.802408 18.795000
[3,2];[4,1]: 0.823765 0.536788 10.137500
[3,3];[4,2]: 0.758636 0.698543 15.837500
[4,2];[3,3]: 0.557368 0.703861 15.950000
[4,1];[3,2]: 0.514879 0.529650 10.075000
[3,1];[4,0]: 0.781623 0.185152 4.597500
[4,0];[3,1]: 0.020236 0.450441 7.705000
[0,0];[3,3]: 0.553697 0.476538 7.605000
[3,3];[0,0]: 0.005814 0.482329 4.252500
[0,0];[3,4]: 0.556894 0.477651 7.580000
[3,4];[0,0]: 0.008807 0.479554 4.310000
[3,0];[0,1]: 0.000000 0.344183 1.227500
[0,1];[3,0]: 0.262753 0.313526 3.387500
[2,4];[3,3]: 0.597566 0.800835 19.057500
[2,3];[3,2]: 0.732155 0.694403 15.355000
[3,3];[2,4]: 0.538979 0.802358 18.927500
[3,2];[2,3]: 0.530567 0.743737 15.552500
[2,2];[3,1]: 0.495330 0.630886 4.240000
[3,1];[2,2]: 0.000000 0.331509 1.145000
[0,0];[2,2]: 0.568143 0.508856 6.965000
[2,2];[0,0]: 0.005137 0.503058 4.407500
[3,3];[1,0]: 0.000000 0.507029 3.650000
[1,0];[3,3]: 0.395942 0.521419 5.285000
[1,1];[1,0]: 0.000000 0.358324 3.155000
[4,4];[4,0]: 0.694652 0.494583 4.627500
[1,0];[1,1]: 0.027574 0.324749 0.815000
[4,0];[4,4]: 0.868622 0.546456 5.367500
[0,0];[4,0]: 0.423094 0.322785 3.355000
[4,0];[0,0]: 0.000000 0.335766 1.142500
[2,4];[4,4]: 0.837975 0.786026 17.525000
[4,4];[2,4]: 0.561156 0.818357 17.380000
[2,3];[4,3]: 0.817788 0.793844 16.445000
[4,3];[2,3]: 0.581686 0.788779 15.537500
[1,1];[2,2]: 0.558607 0.518041 7.002500
[4,2];[1,0]: 0.000000 0.477735 4.267500
[2,2];[1,1]: 0.104931 0.565968 6.455000
[1,0];[4,2]: 0.761704 0.381612 7.802500
[3,4];[4,4]: 0.845042 0.771952 17.820000
[4,4];[3,4]: 0.546855 0.803807 17.630000
[2,3];[3,1]: 0.574199 0.623065 7.292500
[3,2];[2,2]: 0.469928 0.551347 10.472500
[2,2];[3,2]: 0.554564 0.692187 10.615000
[3,1];[2,3]: 0.647166 0.645980 4.045000
[2,0];[2,2]: 0.147629 0.338019 0.977500
[2,2];[2,0]: 0.000000 0.604028 4.980000
[0,0];[4,1]: 0.252221 0.316502 3.250000
[1,1];[2,3]: 0.523675 0.689239 7.240000
[4,4];[1,0]: 0.000000 0.723672 7.050000
[2,3];[1,1]: 0.205382 0.546106 6.480000
[4,1];[0,0]: 0.000000 0.336066 1.177500
[1,0];[4,4]: 0.895432 0.524834 6.942500
[1,1];[3,4]: 0.536966 0.544251 8.755000
[3,4];[1,1]: 0.224051 0.556571 7.927500
[4,2];[1,2]: 0.408684 0.535014 8.715000
[1,2];[4,2]: 0.631174 0.708845 8.667500
[2,0];[3,4]: 0.402250 0.526611 5.195000
[3,4];[2,0]: 0.000000 0.511294 3.735000
[3,4];[2,4]: 0.537724 0.804527 19.047500
[2,4];[1,2]: 0.456801 0.589453 14.382500
[2,4];[3,4]: 0.600800 0.803212 19.157500
[1,2];[2,4]: 0.449943 0.803889 15.170000
[1,1];[0,1]: 0.007805 0.318097 3.587500
[0,1];[1,1]: 0.269443 0.430851 5.647500
[2,4];[4,0]: 0.793593 0.467707 3.535000
[4,2];[2,2]: 0.427619 0.545032 9.045000
[2,2];[4,2]: 0.626338 0.704532 9.022500
[4,0];[2,4]: 0.758123 0.653484 3.372500
[3,0];[3,2]: 0.508942 0.485519 6.827500
[1,4];[1,2]: 0.488122 0.565804 13.837500
[3,2];[3,0]: 0.798638 0.436532 7.467500
[1,2];[1,4]: 0.171277 0.875605 11.275000
[3,4];[4,2]: 0.750535 0.698710 15.642500
[4,2];[3,4]: 0.552027 0.704463 15.760000
[3,4];[0,1]: 0.005839 0.481815 4.247500
[0,1];[3,4]: 0.555726 0.471939 7.597500
[4,4];[1,4]: 0.183691 0.858006 14.360000
[1,4];[4,4]: 0.824994 0.721963 17.205000
[4,2];[3,1]: 0.641145 0.538421 9.797500
[3,3];[4,0]: 0.815606 0.468767 5.397500
[3,1];[4,2]: 0.703770 0.481016 6.362500
[4,0];[3,3]: 0.233690 0.616479 5.772500
[3,2];[4,2]: 0.830044 0.618446 15.060000
[4,2];[3,2]: 0.733020 0.616071 15.065000
[3,3];[4,1]: 0.789812 0.564983 8.142500
[4,1];[3,3]: 0.284173 0.611796 7.070000
[3,0];[2,2]: 0.014337 0.342730 1.317500
[2,2];[3,0]: 0.280119 0.443071 3.730000
[1,1];[2,4]: 0.518869 0.691450 7.205000
[2,4];[1,1]: 0.215366 0.549298 6.490000
[4,3];[2,1]: 0.093693 0.579342 7.677500
[2,1];[4,3]: 0.865407 0.587636 7.037500
[1,1];[4,1]: 0.272936 0.335647 3.475000
[4,1];[1,1]: 0.001216 0.332520 1.160000
[4,3];[1,3]: 0.262077 0.799932 12.857500
[1,3];[4,3]: 0.785938 0.718498 15.237500
[3,0];[1,4]: 0.507022 0.729892 3.410000
[3,4];[1,0]: 0.000000 0.516304 3.787500
[1,4];[3,0]: 0.779542 0.428634 4.602500
[3,2];[1,2]: 0.428872 0.538449 9.857500
[1,2];[3,2]: 0.564846 0.694634 9.997500
[1,0];[3,4]: 0.398572 0.530166 5.140000
[3,4];[4,0]: 0.820330 0.470572 5.442500
[4,0];[3,4]: 0.232194 0.614336 5.760000
[3,4];[3,3]: 0.612063 0.797333 18.292500
[3,3];[3,4]: 0.609379 0.794671 18.330000
[2,0];[2,3]: 0.723144 0.593450 5.112500
[2,3];[2,0]: 0.000000 0.592184 4.847500
[3,0];[1,0]: 0.000000 0.353240 5.452500
[3,4];[1,4]: 0.198849 0.883978 15.672500
[1,4];[3,4]: 0.614559 0.726503 18.505000
[1,0];[3,0]: 0.750466 0.187206 4.065000
[2,1];[1,3]: 0.559623 0.696130 5.022500
[1,3];[2,1]: 0.235881 0.469554 7.095000
[2,1];[4,0]: 0.728738 0.170358 4.660000
[4,0];[2,1]: 0.001273 0.467575 8.695000
[2,0];[1,4]: 0.685152 0.769231 5.037500
[1,4];[2,0]: 0.000000 0.557504 5.117500
[2,3];[4,0]: 0.761872 0.470395 3.440000
[4,1];[2,2]: 0.023665 0.336191 1.180000
[2,2];[4,1]: 0.275756 0.451238 3.642500
[4,0];[2,3]: 0.847544 0.626546 2.497500
[0,0];[1,4]: 0.332446 0.612770 5.632500
[1,4];[0,0]: 0.007962 0.473186 4.027500
[4,3];[0,1]: 0.000000 0.482819 3.475000
[0,1];[4,3]: 0.880159 0.500000 5.350000
