35	,26	,69	,59	,14	,58	,61	,72	,47	,57	,78	,56	,16	,2	,10
5	,62	,41	,91	,48	,50	,13	,85	,37	,7	,59	,13	,45	,44	,56
5	,36	,2	,29	,49	,95	,42	,104	,37	,38	,87	,74	,81	,31	,35
5	,33	,59	,34	,49	,25	,13	,1	,64	,62	,33	,27	,79	,94	,48
85	,52	,57	,27	,88	,62	,89	,39	,98	,101	,36	,51	,18	,87	,8
91	,36	,71	,29	,82	,39	,87	,104	,58	,43	,83	,74	,2	,31	,10
65	,54	,4	,83	,5	,39	,2	,96	,17	,11	,53	,76	,79	,24	,61
17	,38	,57	,2	,11	,69	,13	,65	,66	,26	,17	,68	,73	,5	,83
62	,12	,72	,22	,86	,25	,7	,7	,9	,62	,57	,71	,16	,101	,55
66	,25	,27	,61	,70	,31	,45	,65	,92	,12	,91	,17	,40	,100	,94
4	,25	,16	,57	,88	,81	,3	,9	,103	,12	,78	,17	,40	,72	,94
91	,65	,64	,83	,6	,20	,89	,25	,66	,55	,87	,18	,5	,31	,9
30	,73	,95	,33	,15	,78	,89	,14	,61	,95	,36	,66	,93	,6	,2
5	,98	,78	,34	,4	,94	,6	,104	,98	,88	,23	,44	,40	,66	,58
35	,72	,51	,59	,14	,80	,43	,42	,20	,57	,45	,59	,45	,72	,38
35	,22	,2	,78	,48	,1	,6	,87	,43	,38	,9	,70	,16	,63	,50
91	,18	,69	,79	,18	,45	,49	,52	,59	,56	,44	,8	,17	,75	,8
5	,38	,46	,98	,102	,38	,85	,32	,94	,10	,59	,14	,55	,74	,69
98	,94	,59	,104	,92	,39	,85	,99	,54	,55	,27	,68	,23	,60	,16
1	,64	,43	,86	,102	,63	,96	,54	,62	,91	,19	,75	,95	,104	,43
32	,36	,2	,29	,56	,41	,89	,104	,37	,38	,36	,95	,52	,96	,26
85	,12	,57	,58	,82	,62	,18	,102	,41	,84	,11	,27	,17	,31	,103
66	,12	,69	,22	,86	,31	,79	,65	,9	,61	,90	,71	,79	,85	,11
42	,52	,14	,62	,40	,95	,86	,80	,38	,85	,7	,3	,79	,104	,35
6	,82	,100	,88	,88	,9	,13	,17	,86	,6	,86	,40	,60	,15	,56
35	,72	,51	,59	,14	,80	,43	,42	,20	,57	,45	,59	,45	,72	,38
6	,39	,24	,86	,62	,15	,8	,7	,103	,86	,23	,79	,40	,99	,29
32	,81	,57	,3	,4	,50	,101	,19	,20	,55	,7	,5	,67	,60	,95
34	,4	,44	,33	,104	,57	,96	,84	,98	,24	,7	,103	,60	,13	,34
31	,52	,36	,86	,62	,40	,65	,80	,42	,38	,84	,3	,101	,82	,69
42	,25	,93	,49	,31	,21	,13	,73	,47	,6	,6	,3	,79	,36	,29
78	,98	,57	,25	,1	,99	,89	,94	,18	,88	,23	,88	,52	,34	,58
57	,65	,57	,39	,86	,20	,69	,56	,66	,36	,45	,18	,30	,80	,104
1	,22	,14	,15	,101	,28	,57	,22	,25	,55	,5	,49	,87	,66	,82
98	,4	,100	,93	,51	,17	,86	,61	,68	,73	,44	,75	,76	,21	,6
65	,54	,4	,83	,5	,39	,2	,96	,17	,11	,53	,76	,79	,24	,61
48	,98	,59	,56	,55	,84	,91	,52	,10	,26	,31	,71	,45	,63	,87
22	,86	,76	,27	,8	,58	,96	,45	,87	,57	,44	,37	,52	,101	,81
48	,77	,76	,41	,89	,56	,44	,21	,37	,28	,60	,57	,39	,16	,51
91	,36	,71	,29	,82	,39	,87	,104	,58	,43	,83	,74	,2	,31	,10
91	,35	,8	,83	,102	,17	,97	,87	,63	,11	,89	,51	,94	,74	,51
35	,17	,72	,62	,4	,28	,18	,53	,18	,30	,61	,27	,22	,40	,96
58	,86	,53	,46	,104	,25	,13	,85	,57	,72	,90	,56	,79	,90	,38
74	,56	,46	,48	,73	,81	,16	,67	,80	,62	,91	,83	,79	,81	,0
58	,86	,16	,29	,104	,68	,13	,78	,53	,72	,104	,100	,87	,24	,41
58	,86	,53	,46	,104	,25	,13	,85	,57	,72	,90	,56	,79	,90	,38
66	,12	,69	,22	,86	,31	,79	,65	,9	,61	,90	,71	,79	,85	,11
5	,98	,78	,34	,4	,94	,6	,104	,98	,88	,23	,44	,40	,66	,58
6	,62	,100	,29	,66	,50	,4	,17	,37	,6	,86	,13	,22	,15	,100
63	,34	,76	,66	,15	,10	,41	,65	,6	,62	,44	,85	,79	,86	,19
58	,86	,16	,29	,104	,68	,13	,78	,53	,72	,104	,100	,87	,24	,41
91	,98	,94	,83	,104	,4	,89	,24	,66	,91	,89	,71	,25	,103	,35
90	,0	,89	,83	,82	,20	,1	,34	,66	,55	,17	,18	,60	,101	,65
85	,86	,104	,96	,104	,69	,88	,52	,21	,73	,11	,81	,16	,74	,39
85	,86	,2	,56	,102	,74	,33	,52	,0	,30	,7	,66	,69	,75	,101
31	,35	,57	,49	,73	,75	,57	,19	,23	,86	,24	,28	,62	,34	,35
83	,65	,12	,1	,26	,20	,0	,96	,66	,10	,91	,68	,30	,31	,72
66	,103	,54	,62	,20	,40	,97	,13	,79	,55	,96	,51	,17	,74	,80
30	,86	,57	,46	,104	,62	,80	,85	,37	,25	,50	,29	,79	,72	,38
101	,0	,81	,18	,19	,66	,39	,78	,8	,82	,17	,40	,24	,101	,87
65	,98	,69	,66	,6	,10	,41	,65	,5	,44	,44	,85	,46	,72	,85
66	,47	,57	,34	,11	,94	,96	,51	,31	,10	,36	,92	,40	,100	,70
61	,99	,30	,86	,102	,78	,29	,42	,0	,11	,36	,76	,79	,1	,51
5	,102	,59	,80	,93	,13	,91	,100	,11	,26	,49	,59	,95	,57	,69
66	,28	,57	,32	,45	,86	,96	,82	,80	,91	,33	,73	,89	,94	,36
91	,34	,73	,63	,70	,55	,96	,32	,98	,17	,61	,67	,87	,40	,7
91	,98	,94	,83	,104	,4	,89	,24	,66	,91	,89	,71	,25	,103	,35
103	,2	,81	,51	,89	,47	,36	,82	,20	,57	,45	,75	,60	,72	,38
5	,33	,59	,34	,49	,25	,13	,1	,64	,62	,33	,27	,79	,94	,48
78	,71	,57	,92	,10	,2	,0	,79	,71	,100	,7	,12	,43	,72	,85
78	,71	,57	,92	,10	,2	,0	,79	,71	,100	,7	,12	,43	,72	,85
64	,52	,14	,18	,73	,95	,33	,80	,91	,62	,7	,3	,79	,104	,35
24	,38	,4	,2	,11	,69	,13	,65	,37	,72	,78	,13	,73	,5	,83
30	,86	,88	,75	,104	,69	,78	,26	,59	,73	,12	,81	,16	,74	,14
5	,38	,19	,98	,102	,62	,10	,100	,37	,77	,59	,14	,104	,24	,61
103	,2	,81	,51	,89	,47	,36	,82	,20	,57	,45	,75	,60	,72	,38
5	,11	,41	,40	,15	,50	,6	,97	,98	,36	,87	,13	,45	,44	,83
63	,34	,76	,66	,15	,10	,41	,65	,6	,62	,44	,85	,79	,86	,19
63	,26	,76	,66	,78	,10	,41	,104	,92	,62	,36	,76	,79	,59	,19
20	,74	,4	,29	,66	,26	,13	,65	,37	,61	,87	,8	,52	,81	,100
17	,38	,53	,22	,11	,69	,13	,7	,58	,24	,91	,68	,67	,5	,83
91	,28	,94	,63	,89	,20	,1	,6	,89	,38	,77	,71	,83	,59	,19
85	,33	,51	,17	,51	,86	,65	,1	,20	,61	,45	,45	,19	,74	,68
5	,36	,2	,29	,49	,95	,42	,104	,37	,38	,87	,74	,81	,31	,35
91	,65	,64	,83	,6	,20	,89	,25	,66	,55	,87	,18	,5	,31	,9
78	,98	,57	,25	,1	,99	,89	,94	,18	,88	,23	,88	,52	,34	,58
63	,26	,76	,66	,78	,10	,41	,104	,92	,62	,36	,76	,79	,59	,19
5	,36	,2	,29	,49	,95	,42	,104	,37	,38	,87	,74	,81	,31	,35
20	,74	,4	,29	,66	,26	,13	,65	,37	,61	,87	,8	,52	,81	,100
5	,38	,19	,56	,93	,27	,13	,4	,37	,30	,41	,71	,104	,85	,8
85	,12	,57	,58	,82	,62	,18	,102	,41	,84	,11	,27	,17	,31	,103
65	,56	,87	,83	,19	,13	,55	,25	,66	,55	,87	,18	,70	,40	,65
46	,52	,59	,56	,66	,95	,96	,68	,90	,30	,7	,3	,30	,104	,35
5	,62	,41	,91	,48	,50	,13	,85	,37	,7	,59	,13	,45	,44	,56
42	,22	,46	,34	,79	,1	,6	,42	,103	,87	,82	,34	,16	,70	,50
1	,4	,4	,24	,21	,7	,69	,97	,18	,97	,73	,40	,13	,66	,8
51	,102	,101	,23	,11	,88	,96	,104	,31	,73	,36	,44	,79	,100	,35
90	,82	,60	,18	,31	,13	,43	,19	,49	,96	,19	,22	,62	,34	,103
35	,63	,64	,59	,104	,58	,85	,37	,4	,55	,27	,95	,16	,60	,16
33	,20	,86	,96	,49	,38	,85	,45	,84	,55	,19	,27	,6	,69	,71
35	,86	,57	,63	,49	,58	,13	,52	,21	,57	,68	,73	,101	,58	,59
66	,92	,51	,62	,57	,62	,35	,97	,79	,55	,96	,59	,17	,41	,65
46	,99	,59	,56	,54	,41	,87	,19	,0	,37	,7	,76	,79	,1	,18
78	,98	,57	,25	,1	,99	,89	,94	,18	,88	,23	,88	,52	,34	,58
66	,25	,27	,61	,70	,31	,45	,65	,92	,12	,91	,17	,40	,100	,94
17	,38	,53	,22	,11	,69	,13	,7	,58	,24	,91	,68	,67	,5	,83
5	,36	,2	,29	,49	,95	,42	,104	,37	,38	,87	,74	,81	,31	,35
46	,26	,59	,56	,66	,32	,74	,68	,73	,30	,38	,3	,79	,49	,22
91	,98	,94	,83	,104	,4	,89	,24	,66	,91	,89	,71	,25	,103	,35
35	,86	,2	,63	,51	,58	,96	,59	,21	,57	,78	,73	,69	,2	,59
32	,81	,57	,3	,4	,50	,101	,19	,20	,55	,7	,5	,67	,60	,95
35	,86	,2	,63	,51	,58	,96	,59	,21	,57	,78	,73	,69	,2	,59
5	,36	,2	,29	,49	,95	,42	,104	,37	,38	,87	,74	,81	,31	,35
32	,36	,2	,29	,56	,41	,89	,104	,37	,38	,36	,95	,52	,96	,26
35	,22	,2	,78	,48	,1	,6	,87	,43	,38	,9	,70	,16	,63	,50
101	,0	,2	,55	,82	,66	,55	,102	,28	,38	,17	,42	,2	,101	,25
46	,52	,59	,56	,66	,95	,96	,68	,90	,30	,7	,3	,30	,104	,35
30	,86	,57	,46	,104	,62	,80	,85	,37	,25	,50	,29	,79	,72	,38
5	,36	,2	,29	,49	,95	,42	,104	,37	,38	,87	,74	,81	,31	,35
46	,34	,59	,66	,41	,50	,41	,65	,6	,62	,44	,85	,91	,86	,92
46	,85	,47	,41	,0	,45	,87	,87	,91	,11	,78	,78	,74	,39	,51
58	,86	,53	,46	,104	,25	,13	,85	,57	,72	,90	,56	,79	,90	,38
30	,86	,57	,46	,104	,62	,80	,85	,37	,25	,50	,29	,79	,72	,38
66	,25	,27	,61	,70	,31	,45	,65	,92	,12	,91	,17	,40	,100	,94
66	,103	,54	,62	,20	,40	,97	,13	,79	,55	,96	,51	,17	,74	,80
85	,52	,57	,92	,74	,62	,98	,73	,83	,100	,104	,88	,43	,72	,85
30	,86	,57	,46	,104	,62	,80	,85	,37	,25	,50	,29	,79	,72	,38
101	,0	,2	,55	,82	,66	,55	,102	,28	,38	,17	,42	,2	,101	,25
17	,38	,57	,2	,11	,69	,13	,65	,66	,26	,17	,68	,73	,5	,83
85	,12	,57	,58	,82	,62	,18	,102	,41	,84	,11	,27	,17	,31	,103
32	,81	,57	,3	,4	,50	,101	,19	,20	,55	,7	,5	,67	,60	,95
91	,36	,71	,29	,82	,39	,87	,104	,58	,43	,83	,74	,2	,31	,10
85	,86	,2	,56	,102	,74	,33	,52	,0	,30	,7	,66	,69	,75	,101
6	,62	,100	,29	,66	,50	,4	,17	,37	,6	,86	,13	,22	,15	,100
30	,86	,57	,46	,104	,62	,80	,85	,37	,25	,50	,29	,79	,72	,38
103	,2	,81	,51	,89	,47	,36	,82	,20	,57	,45	,75	,60	,72	,38
46	,85	,47	,41	,0	,45	,87	,87	,91	,11	,78	,78	,74	,39	,51
35	,86	,2	,63	,51	,58	,96	,59	,21	,57	,78	,73	,69	,2	,59
35	,86	,57	,63	,49	,58	,13	,52	,21	,57	,68	,73	,101	,58	,59
46	,18	,26	,41	,96	,41	,102	,9	,55	,12	,78	,71	,40	,97	,53
31	,52	,36	,86	,62	,40	,65	,80	,42	,38	,84	,3	,101	,82	,69
5	,36	,2	,29	,49	,95	,42	,104	,37	,38	,87	,74	,81	,31	,35
35	,17	,72	,62	,4	,28	,18	,53	,18	,30	,61	,27	,22	,40	,96
65	,65	,75	,39	,86	,18	,33	,27	,66	,84	,87	,58	,30	,59	,104
91	,18	,14	,79	,18	,45	,101	,52	,20	,56	,44	,71	,17	,74	,7
35	,17	,72	,62	,4	,28	,18	,53	,18	,30	,61	,27	,22	,40	,96
101	,0	,2	,55	,82	,66	,55	,102	,28	,38	,17	,42	,2	,101	,25
17	,38	,57	,2	,11	,69	,13	,65	,66	,26	,17	,68	,73	,5	,83
78	,28	,5	,63	,82	,20	,1	,6	,89	,38	,44	,71	,83	,101	,80
17	,38	,57	,2	,11	,69	,13	,65	,66	,26	,17	,68	,73	,5	,83
85	,86	,2	,56	,102	,74	,33	,52	,0	,30	,7	,66	,69	,75	,101
58	,86	,53	,46	,104	,25	,13	,85	,57	,72	,90	,56	,79	,90	,38
64	,52	,14	,18	,73	,95	,33	,80	,91	,62	,7	,3	,79	,104	,35
5	,36	,2	,29	,49	,95	,42	,104	,37	,38	,87	,74	,81	,31	,35
26	,78	,19	,18	,104	,18	,81	,7	,48	,24	,15	,64	,67	,66	,63
22	,86	,76	,27	,8	,58	,96	,45	,87	,57	,44	,37	,52	,101	,81
74	,56	,46	,48	,73	,81	,16	,67	,80	,62	,91	,83	,79	,81	,0
96	,4	,28	,33	,64	,19	,30	,83	,98	,10	,6	,9	,26	,31	,9
5	,11	,41	,40	,15	,50	,6	,97	,98	,36	,87	,13	,45	,44	,83
5	,38	,19	,98	,102	,62	,10	,100	,37	,77	,59	,14	,104	,24	,61
22	,63	,57	,75	,9	,58	,96	,79	,18	,63	,98	,27	,52	,31	,31
101	,0	,2	,55	,82	,66	,55	,102	,28	,38	,17	,42	,2	,101	,25
78	,71	,57	,92	,10	,2	,0	,79	,71	,100	,7	,12	,43	,72	,85
65	,54	,4	,83	,5	,39	,2	,96	,17	,11	,53	,76	,79	,24	,61
85	,52	,57	,27	,88	,62	,89	,39	,98	,101	,36	,51	,18	,87	,8
5	,36	,2	,29	,49	,95	,42	,104	,37	,38	,87	,74	,81	,31	,35
46	,26	,59	,56	,66	,32	,74	,68	,73	,30	,38	,3	,79	,49	,22
17	,38	,57	,2	,11	,69	,13	,65	,66	,26	,17	,68	,73	,5	,83
66	,28	,57	,32	,45	,86	,96	,82	,80	,91	,33	,73	,89	,94	,36
35	,72	,51	,59	,14	,80	,43	,42	,20	,57	,45	,59	,45	,72	,38
35	,86	,2	,63	,51	,58	,96	,59	,21	,57	,78	,73	,69	,2	,59
65	,56	,87	,83	,19	,13	,55	,25	,66	,55	,87	,18	,70	,40	,65
22	,86	,76	,27	,8	,58	,96	,45	,87	,57	,44	,37	,52	,101	,81
22	,86	,76	,27	,8	,58	,96	,45	,87	,57	,44	,37	,52	,101	,81
84	,12	,65	,56	,28	,15	,2	,0	,13	,55	,38	,0	,101	,70	,70
78	,71	,57	,92	,10	,2	,0	,79	,71	,100	,7	,12	,43	,72	,85
17	,38	,53	,22	,11	,69	,13	,7	,58	,24	,91	,68	,67	,5	,83
66	,47	,57	,34	,11	,94	,96	,51	,31	,10	,36	,92	,40	,100	,70
61	,99	,30	,86	,102	,78	,29	,42	,0	,11	,36	,76	,79	,1	,51
46	,18	,26	,41	,96	,41	,102	,9	,55	,12	,78	,71	,40	,97	,53
66	,28	,57	,32	,45	,86	,96	,82	,80	,91	,33	,73	,89	,94	,36
6	,62	,100	,29	,66	,50	,4	,17	,37	,6	,86	,13	,22	,15	,100
14	,84	,64	,83	,31	,20	,24	,102	,41	,55	,87	,27	,5	,31	,9
101	,0	,2	,55	,82	,66	,55	,102	,28	,38	,17	,42	,2	,101	,25
20	,74	,4	,29	,66	,26	,13	,65	,37	,61	,87	,8	,52	,81	,100
58	,86	,53	,46	,104	,25	,13	,85	,57	,72	,90	,56	,79	,90	,38
90	,0	,89	,83	,82	,20	,1	,34	,66	,55	,17	,18	,60	,101	,65
78	,71	,57	,92	,10	,2	,0	,79	,71	,100	,7	,12	,43	,72	,85
46	,34	,59	,66	,41	,50	,41	,65	,6	,62	,44	,85	,91	,86	,92
100	,46	,81	,73	,65	,18	,46	,6	,42	,37	,74	,89	,69	,15	,55
91	,35	,8	,83	,102	,17	,97	,87	,63	,11	,89	,51	,94	,74	,51
46	,85	,47	,41	,0	,45	,87	,87	,91	,11	,78	,78	,74	,39	,51
5	,38	,46	,98	,102	,38	,85	,32	,94	,10	,59	,14	,55	,74	,69
85	,86	,104	,96	,104	,69	,88	,52	,21	,73	,11	,81	,16	,74	,39
35	,86	,2	,63	,51	,58	,96	,59	,21	,57	,78	,73	,69	,2	,59
65	,28	,96	,32	,45	,57	,91	,64	,80	,6	,33	,84	,60	,94	,36
5	,36	,2	,29	,49	,95	,42	,104	,37	,38	,87	,74	,81	,31	,35
78	,71	,57	,92	,10	,2	,0	,79	,71	,100	,7	,12	,43	,72	,85
98	,94	,59	,104	,92	,39	,85	,99	,54	,55	,27	,68	,23	,60	,16
91	,28	,94	,63	,89	,20	,1	,6	,89	,38	,77	,71	,83	,59	,19
63	,34	,76	,66	,15	,10	,41	,65	,6	,62	,44	,85	,79	,86	,19
35	,86	,2	,63	,51	,58	,96	,59	,21	,57	,78	,73	,69	,2	,59
46	,34	,59	,66	,41	,50	,41	,65	,6	,62	,44	,85	,91	,86	,92
85	,33	,51	,17	,51	,86	,65	,1	,20	,61	,45	,45	,19	,74	,68
66	,47	,57	,34	,11	,94	,96	,51	,31	,10	,36	,92	,40	,100	,70
30	,86	,57	,46	,104	,62	,80	,85	,37	,25	,50	,29	,79	,72	,38
17	,38	,57	,2	,11	,69	,13	,65	,66	,26	,17	,68	,73	,5	,83
58	,86	,16	,29	,104	,68	,13	,78	,53	,72	,104	,100	,87	,24	,41
101	,0	,2	,55	,82	,66	,55	,102	,28	,38	,17	,42	,2	,101	,25
66	,28	,57	,32	,45	,86	,96	,82	,80	,91	,33	,73	,89	,94	,36
91	,36	,71	,29	,82	,39	,87	,104	,58	,43	,83	,74	,2	,31	,10
85	,12	,57	,58	,82	,62	,18	,102	,41	,84	,11	,27	,17	,31	,103
14	,84	,64	,83	,31	,20	,24	,102	,41	,55	,87	,27	,5	,31	,9
17	,38	,57	,2	,11	,69	,13	,65	,66	,26	,17	,68	,73	,5	,83
46	,52	,59	,56	,66	,95	,96	,68	,90	,30	,7	,3	,30	,104	,35
5	,38	,46	,98	,102	,38	,85	,32	,94	,10	,59	,14	,55	,74	,69
5	,36	,2	,29	,49	,95	,42	,104	,37	,38	,87	,74	,81	,31	,35
5	,33	,59	,34	,49	,25	,13	,1	,64	,62	,33	,27	,79	,94	,48
30	,86	,57	,46	,104	,62	,80	,85	,37	,25	,50	,29	,79	,72	,38
66	,59	,51	,4	,34	,39	,18	,48	,18	,17	,97	,102	,18	,81	,12
62	,12	,72	,22	,86	,25	,7	,7	,9	,62	,57	,71	,16	,101	,55
46	,34	,59	,66	,41	,50	,41	,65	,6	,62	,44	,85	,91	,86	,92
90	,82	,60	,18	,31	,13	,43	,19	,49	,96	,19	,22	,62	,34	,103
101	,0	,81	,18	,19	,66	,39	,78	,8	,82	,17	,40	,24	,101	,87
5	,38	,19	,56	,93	,27	,13	,4	,37	,30	,41	,71	,104	,85	,8
101	,0	,2	,55	,82	,66	,55	,102	,28	,38	,17	,42	,2	,101	,25
91	,36	,19	,83	,18	,20	,81	,64	,18	,36	,92	,76	,30	,74	,9
35	,86	,2	,63	,51	,58	,96	,59	,21	,57	,78	,73	,69	,2	,59
35	,63	,64	,59	,104	,58	,85	,37	,4	,55	,27	,95	,16	,60	,16
46	,18	,26	,41	,96	,41	,102	,9	,55	,12	,78	,71	,40	,97	,53
46	,85	,47	,41	,0	,45	,87	,87	,91	,11	,78	,78	,74	,39	,51
31	,35	,57	,49	,73	,75	,57	,19	,23	,86	,24	,28	,62	,34	,35
101	,0	,2	,55	,82	,66	,55	,102	,28	,38	,17	,42	,2	,101	,25
17	,38	,53	,22	,11	,69	,13	,7	,58	,24	,91	,68	,67	,5	,83
78	,28	,5	,63	,82	,20	,1	,6	,89	,38	,44	,71	,83	,101	,80
66	,28	,57	,32	,45	,86	,96	,82	,80	,91	,33	,73	,89	,94	,36
34	,62	,69	,34	,64	,31	,103	,65	,18	,61	,103	,27	,79	,100	,89
58	,86	,16	,29	,104	,68	,13	,78	,53	,72	,104	,100	,87	,24	,41
98	,94	,59	,104	,92	,39	,85	,99	,54	,55	,27	,68	,23	,60	,16
17	,38	,57	,2	,11	,69	,13	,65	,66	,26	,17	,68	,73	,5	,83
101	,0	,2	,55	,82	,66	,55	,102	,28	,38	,17	,42	,2	,101	,25
34	,17	,57	,62	,4	,69	,18	,78	,18	,30	,61	,27	,1	,64	,89
5	,33	,59	,34	,49	,25	,13	,1	,64	,62	,33	,27	,79	,94	,48
35	,86	,2	,63	,51	,58	,96	,59	,21	,57	,78	,73	,69	,2	,59
91	,28	,94	,63	,89	,20	,1	,6	,89	,38	,77	,71	,83	,59	,19
91	,36	,71	,29	,82	,39	,87	,104	,58	,43	,83	,74	,2	,31	,10
26	,78	,19	,18	,104	,18	,81	,7	,48	,24	,15	,64	,67	,66	,63
78	,71	,57	,92	,10	,2	,0	,79	,71	,100	,7	,12	,43	,72	,85
32	,81	,57	,3	,4	,50	,101	,19	,20	,55	,7	,5	,67	,60	,95
66	,12	,69	,22	,86	,31	,79	,65	,9	,61	,90	,71	,79	,85	,11
62	,12	,72	,22	,86	,25	,7	,7	,9	,62	,57	,71	,16	,101	,55
90	,82	,60	,18	,31	,13	,43	,19	,49	,96	,19	,22	,62	,34	,103
32	,36	,2	,29	,56	,41	,89	,104	,37	,38	,36	,95	,52	,96	,26
35	,22	,46	,59	,59	,58	,78	,78	,103	,57	,91	,29	,79	,70	,39
34	,62	,69	,34	,64	,31	,103	,65	,18	,61	,103	,27	,79	,100	,89
48	,98	,59	,56	,55	,84	,91	,52	,10	,26	,31	,71	,45	,63	,87
5	,38	,46	,98	,102	,38	,85	,32	,94	,10	,59	,14	,55	,74	,69
42	,22	,46	,34	,79	,1	,6	,42	,103	,87	,82	,34	,16	,70	,50
26	,78	,19	,18	,104	,18	,81	,7	,48	,24	,15	,64	,67	,66	,63
46	,85	,47	,41	,0	,45	,87	,87	,91	,11	,78	,78	,74	,39	,51
63	,34	,76	,66	,15	,10	,41	,65	,6	,62	,44	,85	,79	,86	,19
35	,86	,2	,63	,51	,58	,96	,59	,21	,57	,78	,73	,69	,2	,59
78	,71	,57	,92	,10	,2	,0	,79	,71	,100	,7	,12	,43	,72	,85
78	,28	,5	,63	,82	,20	,1	,6	,89	,38	,44	,71	,83	,101	,80
35	,17	,72	,62	,4	,28	,18	,53	,18	,30	,61	,27	,22	,40	,96
96	,4	,28	,33	,64	,19	,30	,83	,98	,10	,6	,9	,26	,31	,9
5	,98	,78	,34	,4	,94	,6	,104	,98	,88	,23	,44	,40	,66	,58
78	,28	,5	,63	,82	,20	,1	,6	,89	,38	,44	,71	,83	,101	,80
5	,98	,78	,34	,4	,94	,6	,104	,98	,88	,23	,44	,40	,66	,58
85	,33	,51	,17	,51	,86	,65	,1	,20	,61	,45	,45	,19	,74	,68
78	,71	,57	,92	,10	,2	,0	,79	,71	,100	,7	,12	,43	,72	,85
46	,85	,47	,41	,0	,45	,87	,87	,91	,11	,78	,78	,74	,39	,51
101	,0	,2	,55	,82	,66	,55	,102	,28	,38	,17	,42	,2	,101	,25
85	,86	,104	,96	,104	,69	,88	,52	,21	,73	,11	,81	,16	,74	,39
34	,4	,44	,33	,104	,57	,96	,84	,98	,24	,7	,103	,60	,13	,34
85	,33	,51	,17	,51	,86	,65	,1	,20	,61	,45	,45	,19	,74	,68
35	,72	,51	,59	,14	,80	,43	,42	,20	,57	,45	,59	,45	,72	,38
101	,0	,2	,55	,82	,66	,55	,102	,28	,38	,17	,42	,2	,101	,25
37	,51	,74	,18	,49	,13	,69	,76	,29	,51	,9	,75	,13	,73	,92
34	,62	,93	,49	,31	,21	,103	,73	,18	,2	,103	,3	,88	,100	,89
58	,86	,53	,46	,104	,25	,13	,85	,57	,72	,90	,56	,79	,90	,38
46	,34	,59	,66	,41	,50	,41	,65	,6	,62	,44	,85	,91	,86	,92
46	,34	,59	,66	,41	,50	,41	,65	,6	,62	,44	,85	,91	,86	,92
46	,34	,59	,66	,41	,50	,41	,65	,6	,62	,44	,85	,91	,86	,92
14	,4	,85	,89	,85	,88	,29	,30	,14	,70	,16	,59	,18	,81	,88
78	,28	,5	,63	,82	,20	,1	,6	,89	,38	,44	,71	,83	,101	,80
65	,56	,87	,83	,19	,13	,55	,25	,66	,55	,87	,18	,70	,40	,65
24	,38	,4	,2	,11	,69	,13	,65	,37	,72	,78	,13	,73	,5	,83
101	,0	,81	,18	,19	,66	,39	,78	,8	,82	,17	,40	,24	,101	,87
62	,12	,72	,22	,86	,25	,7	,7	,9	,62	,57	,71	,16	,101	,55
46	,85	,47	,41	,0	,45	,87	,87	,91	,11	,78	,78	,74	,39	,51
24	,46	,71	,98	,102	,34	,86	,100	,47	,55	,93	,84	,39	,27	,97
5	,11	,41	,40	,15	,50	,6	,97	,98	,36	,87	,13	,45	,44	,83
22	,63	,57	,75	,9	,58	,96	,79	,18	,63	,98	,27	,52	,31	,31
75	,103	,59	,56	,55	,95	,81	,96	,58	,10	,83	,3	,5	,104	,63
58	,86	,53	,46	,104	,25	,13	,85	,57	,72	,90	,56	,79	,90	,38
101	,0	,2	,55	,82	,66	,55	,102	,28	,38	,17	,42	,2	,101	,25
19	,79	,80	,4	,64	,57	,7	,9	,24	,53	,94	,70	,34	,0	,21
91	,18	,14	,79	,18	,45	,101	,52	,20	,56	,44	,71	,17	,74	,7
5	,33	,59	,34	,49	,25	,13	,1	,64	,62	,33	,27	,79	,94	,48
65	,56	,87	,55	,19	,50	,55	,19	,28	,55	,7	,18	,69	,74	,65
17	,38	,57	,2	,11	,69	,13	,65	,66	,26	,17	,68	,73	,5	,83
26	,78	,19	,18	,104	,18	,81	,7	,48	,24	,15	,64	,67	,66	,63
66	,59	,51	,4	,34	,39	,18	,48	,18	,17	,97	,102	,18	,81	,12
20	,74	,4	,29	,66	,26	,13	,65	,37	,61	,87	,8	,52	,81	,100
78	,28	,5	,63	,82	,20	,1	,6	,89	,38	,44	,71	,83	,101	,80
101	,0	,2	,55	,82	,66	,55	,102	,28	,38	,17	,42	,2	,101	,25
5	,36	,2	,29	,49	,95	,42	,104	,37	,38	,87	,74	,81	,31	,35
34	,17	,57	,62	,4	,69	,18	,78	,18	,30	,61	,27	,1	,64	,89
42	,52	,14	,62	,40	,95	,86	,80	,38	,85	,7	,3	,79	,104	,35
35	,86	,2	,63	,51	,58	,96	,59	,21	,57	,78	,73	,69	,2	,59
46	,26	,59	,56	,66	,32	,74	,68	,73	,30	,38	,3	,79	,49	,22
5	,38	,46	,98	,102	,38	,85	,32	,94	,10	,59	,14	,55	,74	,69
66	,103	,54	,62	,20	,40	,97	,13	,79	,55	,96	,51	,17	,74	,80
58	,86	,16	,29	,104	,68	,13	,78	,53	,72	,104	,100	,87	,24	,41
78	,28	,5	,63	,82	,20	,1	,6	,89	,38	,44	,71	,83	,101	,80
65	,56	,87	,83	,19	,13	,55	,25	,66	,55	,87	,18	,70	,40	,65
103	,2	,81	,51	,89	,47	,36	,82	,20	,57	,45	,75	,60	,72	,38
26	,78	,19	,18	,104	,18	,81	,7	,48	,24	,15	,64	,67	,66	,63
17	,38	,57	,2	,11	,69	,13	,65	,66	,26	,17	,68	,73	,5	,83
41	,59	,88	,62	,4	,37	,18	,78	,18	,11	,23	,75	,76	,62	,8
101	,0	,2	,55	,82	,66	,55	,102	,28	,38	,17	,42	,2	,101	,25
100	,82	,38	,86	,88	,4	,81	,94	,24	,12	,78	,3	,40	,70	,67
78	,98	,57	,25	,1	,99	,89	,94	,18	,88	,23	,88	,52	,34	,58
66	,12	,69	,22	,86	,31	,79	,65	,9	,61	,90	,71	,79	,85	,11
24	,38	,4	,2	,11	,69	,13	,65	,37	,72	,78	,13	,73	,5	,83
83	,65	,12	,1	,26	,20	,0	,96	,66	,10	,91	,68	,30	,31	,72
78	,98	,57	,25	,1	,99	,89	,94	,18	,88	,23	,88	,52	,34	,58
35	,72	,51	,59	,14	,80	,43	,42	,20	,57	,45	,59	,45	,72	,38
103	,2	,81	,51	,89	,47	,36	,82	,20	,57	,45	,75	,60	,72	,38
20	,74	,4	,29	,66	,26	,13	,65	,37	,61	,87	,8	,52	,81	,100
20	,74	,4	,29	,66	,26	,13	,65	,37	,61	,87	,8	,52	,81	,100
17	,38	,53	,22	,11	,69	,13	,7	,58	,24	,91	,68	,67	,5	,83
63	,26	,76	,66	,78	,10	,41	,104	,92	,62	,36	,76	,79	,59	,19
91	,36	,71	,29	,82	,39	,87	,104	,58	,43	,83	,74	,2	,31	,10
32	,81	,57	,3	,4	,50	,101	,19	,20	,55	,7	,5	,67	,60	,95
66	,28	,57	,32	,45	,86	,96	,82	,80	,91	,33	,73	,89	,94	,36
14	,84	,64	,83	,31	,20	,24	,102	,41	,55	,87	,27	,5	,31	,9
78	,28	,5	,63	,82	,20	,1	,6	,89	,38	,44	,71	,83	,101	,80
101	,0	,2	,55	,82	,66	,55	,102	,28	,38	,17	,42	,2	,101	,25
46	,85	,47	,41	,0	,45	,87	,87	,91	,11	,78	,78	,74	,39	,51
35	,22	,2	,78	,48	,1	,6	,87	,43	,38	,9	,70	,16	,63	,50
34	,4	,44	,33	,104	,57	,96	,84	,98	,24	,7	,103	,60	,13	,34
5	,38	,46	,98	,102	,38	,85	,32	,94	,10	,59	,14	,55	,74	,69
65	,56	,87	,83	,19	,13	,55	,25	,66	,55	,87	,18	,70	,40	,65
46	,85	,47	,41	,0	,45	,87	,87	,91	,11	,78	,78	,74	,39	,51
65	,56	,87	,83	,19	,13	,55	,25	,66	,55	,87	,18	,70	,40	,65
46	,85	,47	,41	,0	,45	,87	,87	,91	,11	,78	,78	,74	,39	,51
34	,62	,69	,34	,64	,31	,103	,65	,18	,61	,103	,27	,79	,100	,89
34	,62	,69	,34	,64	,31	,103	,65	,18	,61	,103	,27	,79	,100	,89
5	,38	,46	,98	,102	,38	,85	,32	,94	,10	,59	,14	,55	,74	,69
63	,34	,76	,66	,15	,10	,41	,65	,6	,62	,44	,85	,79	,86	,19
83	,65	,12	,1	,26	,20	,0	,96	,66	,10	,91	,68	,30	,31	,72
46	,52	,59	,56	,66	,95	,96	,68	,90	,30	,7	,3	,30	,104	,35
90	,82	,60	,18	,31	,13	,43	,19	,49	,96	,19	,22	,62	,34	,103
66	,25	,27	,61	,70	,31	,45	,65	,92	,12	,91	,17	,40	,100	,94
26	,78	,19	,18	,104	,18	,81	,7	,48	,24	,15	,64	,67	,66	,63
17	,38	,57	,2	,11	,69	,13	,65	,66	,26	,17	,68	,73	,5	,83
78	,28	,5	,63	,82	,20	,1	,6	,89	,38	,44	,71	,83	,101	,80
75	,103	,59	,56	,55	,95	,81	,96	,58	,10	,83	,3	,5	,104	,63
78	,28	,5	,63	,82	,20	,1	,6	,89	,38	,44	,71	,83	,101	,80
6	,62	,100	,29	,66	,50	,4	,17	,37	,6	,86	,13	,22	,15	,100
78	,71	,57	,92	,10	,2	,0	,79	,71	,100	,7	,12	,43	,72	,85
5	,11	,41	,40	,15	,50	,6	,97	,98	,36	,87	,13	,45	,44	,83
85	,12	,57	,58	,82	,62	,18	,102	,41	,84	,11	,27	,17	,31	,103
46	,52	,59	,56	,66	,95	,96	,68	,90	,30	,7	,3	,30	,104	,35
66	,92	,51	,62	,57	,62	,35	,97	,79	,55	,96	,59	,17	,41	,65
24	,38	,4	,2	,11	,69	,13	,65	,37	,72	,78	,13	,73	,5	,83
5	,11	,41	,40	,15	,50	,6	,97	,98	,36	,87	,13	,45	,44	,83
78	,98	,57	,25	,1	,99	,89	,94	,18	,88	,23	,88	,52	,34	,58
46	,34	,59	,66	,41	,50	,41	,65	,6	,62	,44	,85	,91	,86	,92
35	,22	,2	,78	,48	,1	,6	,87	,43	,38	,9	,70	,16	,63	,50
17	,38	,57	,2	,11	,69	,13	,65	,66	,26	,17	,68	,73	,5	,83
46	,26	,59	,56	,66	,32	,74	,68	,73	,30	,38	,3	,79	,49	,22
55	,10	,9	,83	,4	,8	,65	,19	,95	,49	,12	,14	,76	,11	,61
35	,72	,51	,59	,14	,80	,43	,42	,20	,57	,45	,59	,45	,72	,38
91	,28	,94	,63	,89	,20	,1	,6	,89	,38	,77	,71	,83	,59	,19
17	,38	,57	,2	,11	,69	,13	,65	,66	,26	,17	,68	,73	,5	,83
103	,2	,81	,51	,89	,47	,36	,82	,20	,57	,45	,75	,60	,72	,38
6	,62	,100	,29	,66	,50	,4	,17	,37	,6	,86	,13	,22	,15	,100
63	,34	,76	,66	,15	,10	,41	,65	,6	,62	,44	,85	,79	,86	,19
33	,20	,86	,96	,49	,38	,85	,45	,84	,55	,19	,27	,6	,69	,71
65	,54	,4	,83	,5	,39	,2	,96	,17	,11	,53	,76	,79	,24	,61
85	,52	,57	,27	,88	,62	,89	,39	,98	,101	,36	,51	,18	,87	,8
66	,47	,57	,34	,11	,94	,96	,51	,31	,10	,36	,92	,40	,100	,70
6	,62	,100	,29	,66	,50	,4	,17	,37	,6	,86	,13	,22	,15	,100
66	,59	,51	,4	,34	,39	,18	,48	,18	,17	,97	,102	,18	,81	,12
103	,2	,81	,51	,89	,47	,36	,82	,20	,57	,45	,75	,60	,72	,38
34	,62	,69	,34	,64	,31	,103	,65	,18	,61	,103	,27	,79	,100	,89
46	,26	,59	,56	,66	,32	,74	,68	,73	,30	,38	,3	,79	,49	,22
17	,38	,57	,2	,11	,69	,13	,65	,66	,26	,17	,68	,73	,5	,83
83	,65	,12	,1	,26	,20	,0	,96	,66	,10	,91	,68	,30	,31	,72
62	,12	,72	,22	,86	,25	,7	,7	,9	,62	,57	,71	,16	,101	,55
63	,26	,76	,66	,78	,10	,41	,104	,92	,62	,36	,76	,79	,59	,19
66	,92	,51	,62	,57	,62	,35	,97	,79	,55	,96	,59	,17	,41	,65
103	,2	,81	,51	,89	,47	,36	,82	,20	,57	,45	,75	,60	,72	,38
5	,33	,59	,34	,49	,25	,13	,1	,64	,62	,33	,27	,79	,94	,48
34	,17	,57	,62	,4	,69	,18	,78	,18	,30	,61	,27	,1	,64	,89
30	,86	,57	,46	,104	,62	,80	,85	,37	,25	,50	,29	,79	,72	,38
24	,38	,4	,2	,11	,69	,13	,65	,37	,72	,78	,13	,73	,5	,83