50,0,42,0,0,29,49,0,0,55,97,0,88,15,90
37,58,1,25,5,32,24,16,34,49,26,87,49,101,28
0,0,0,0,0,0,0,0,0,0,0,0,0,0,0
0,0,0,0,0,0,0,0,0,0,0,0,0,0,0
0,0,0,0,0,0,0,0,0,0,0,0,0,0,0
0,0,0,0,0,0,0,0,0,0,0,0,0,0,0
0,0,0,0,0,0,0,0,0,0,0,0,0,0,0
0,0,0,0,0,0,0,0,0,0,0,0,0,0,0
0,0,0,0,0,0,0,0,0,0,0,0,0,0,0
0,0,0,0,0,0,0,0,0,0,0,0,0,0,0
0,0,0,0,0,0,0,0,0,0,0,0,0,0,0
0,0,0,0,0,0,0,0,0,0,0,0,0,0,0
0,0,0,0,0,0,0,0,0,0,0,0,0,0,0
0,0,0,0,0,0,0,0,0,0,0,0,0,0,0
0,0,0,0,0,0,0,0,0,0,0,0,0,0,0
0,0,0,0,0,0,0,0,0,0,0,0,0,0,0
0,0,0,0,0,0,0,0,0,0,0,0,0,0,0
0,0,0,0,0,0,0,0,0,0,0,0,0,0,0
0,0,0,0,0,0,0,0,0,0,0,0,0,0,0
0,0,0,0,0,0,0,0,0,0,0,0,0,0,0
15,49,89,57,68,36,77,74,33,96,37,8,87,47,60
49,61,71,64,7,52,100,23,16,34,54,25,43,35,29
50,46,42,60,48,29,49,70,100,96,45,8,11,78,38
0,0,0,0,0,0,0,0,0,0,0,0,0,0,0
0,0,0,0,0,0,0,0,0,0,0,0,0,0,0
0,0,0,0,0,0,0,0,0,0,0,0,0,0,0
0,0,0,0,0,0,0,0,0,0,0,0,0,0,0
0,0,0,0,0,0,0,0,0,0,0,0,0,0,0
0,0,0,0,0,0,0,0,0,0,0,0,0,0,0
0,0,0,0,0,0,0,0,0,0,0,0,0,0,0
0,0,0,0,0,0,0,0,0,0,0,0,0,0,0
0,0,0,0,0,0,0,0,0,0,0,0,0,0,0
0,0,0,0,0,0,0,0,0,0,0,0,0,0,0
0,0,0,0,0,0,0,0,0,0,0,0,0,0,0
0,0,0,0,0,0,0,0,0,0,0,0,0,0,0
0,0,0,0,0,0,0,0,0,0,0,0,0,0,0
0,0,0,0,0,0,0,0,0,0,0,0,0,0,0
0,0,0,0,0,0,0,0,0,0,0,0,0,0,0
0,0,0,0,0,0,0,0,0,0,0,0,0,0,0
0,0,0,0,0,0,0,0,0,0,0,0,0,0,0
0,0,79,0,0,4,0,0,0,0,36,0,0,99,90
15,49,89,57,68,36,65,74,33,96,37,8,87,47,60
45,44,41,54,31,61,89,5,28,102,37,1,90,4,81
45,44,41,54,7,61,89,5,28,102,37,1,90,4,52
0,0,0,0,0,0,0,0,0,0,0,0,0,0,0
0,0,0,0,0,0,0,0,0,0,0,0,0,0,0
0,0,0,0,0,0,0,0,0,0,0,0,0,0,0
0,0,0,0,0,0,0,0,0,0,0,0,0,0,0
0,0,0,0,0,0,0,0,0,0,0,0,0,0,0
0,0,0,0,0,0,0,0,0,0,0,0,0,0,0
0,0,0,0,0,0,0,0,0,0,0,0,0,0,0
0,0,0,0,0,0,0,0,0,0,0,0,0,0,0
0,0,0,0,0,0,0,0,0,0,0,0,0,0,0
0,0,0,0,0,0,0,0,0,0,0,0,0,0,0
0,0,0,0,0,0,0,0,0,0,0,0,0,0,0
0,0,0,0,0,0,0,0,0,0,0,0,0,0,0
0,0,0,0,0,0,0,0,0,0,0,0,0,0,0
0,0,0,0,0,0,0,0,0,0,0,0,0,0,0
0,0,0,0,0,0,0,0,0,0,0,0,0,0,0
0,0,0,0,0,0,0,0,0,0,0,0,0,0,0
15,5,17,26,1,66,49,71,91,23,64,93,23,84,2
43,54,1,25,5,32,24,86,34,49,26,40,94,103,62
50,43,9,29,68,93,49,54,61,30,17,57,92,93,8
50,43,9,29,68,93,49,54,61,30,17,41,92,32,76
5,43,9,29,68,61,89,64,28,26,34,91,48,37,77
0,0,0,0,0,0,0,0,0,0,0,0,0,0,0
0,0,0,0,0,0,0,0,0,0,0,0,0,0,0
0,0,0,0,0,0,0,0,0,0,0,0,0,0,0
0,0,0,0,0,0,0,0,0,0,0,0,0,0,0
0,0,0,0,0,0,0,0,0,0,0,0,0,0,0
0,0,0,0,0,0,0,0,0,0,0,0,0,0,0
0,0,0,0,0,0,0,0,0,0,0,0,0,0,0
0,0,0,0,0,0,0,0,0,0,0,0,0,0,0
0,0,0,0,0,0,0,0,0,0,0,0,0,0,0
0,0,0,0,0,0,0,0,0,0,0,0,0,0,0
0,0,0,0,0,0,0,0,0,0,0,0,0,0,0
0,0,0,0,0,0,0,0,0,0,0,0,0,0,0
0,0,0,0,0,0,0,0,0,0,0,0,0,0,0
0,0,0,0,0,0,0,0,0,0,0,0,0,0,0
0,0,0,0,0,0,0,0,0,0,0,0,0,0,0
43,54,1,25,5,32,24,86,34,49,26,40,94,103,62
15,5,17,26,1,66,49,71,91,23,64,93,23,84,2
43,42,59,8,5,43,27,86,26,6,31,27,69,4,74
50,43,9,29,68,10,49,54,95,30,17,57,92,93,8
50,43,62,29,68,93,49,54,61,30,17,57,97,93,8
50,43,62,29,68,93,49,55,61,30,18,57,97,13,8
50,43,36,29,68,93,49,54,27,1,5,37,60,23,31
50,63,1,65,5,27,25,57,101,25,102,66,49,1,34
50,63,1,65,5,27,58,57,101,25,38,66,49,1,69
0,0,0,0,0,0,0,0,0,0,0,0,0,0,0
0,0,0,0,0,0,0,0,0,0,0,0,0,0,0
0,0,0,0,0,0,0,0,0,0,0,0,0,0,0
0,0,0,0,0,0,0,0,0,0,0,0,0,0,0
0,0,0,0,0,0,0,0,0,0,0,0,0,0,0
0,0,0,0,0,0,0,0,0,0,0,0,0,0,0
0,0,0,0,0,0,0,0,0,0,0,0,0,0,0
0,0,0,0,0,0,0,0,0,0,0,0,0,0,0
0,0,0,0,0,0,0,0,0,0,0,0,0,0,0
0,0,0,0,0,0,0,0,0,0,0,0,0,0,0
0,0,0,0,0,0,0,0,0,0,0,0,0,0,0
30,32,5,6,5,27,24,86,4,22,52,79,56,29,31
30,32,5,6,5,27,24,86,4,22,52,79,56,29,31
43,42,59,8,5,43,24,86,26,41,62,27,69,4,74
43,42,59,8,5,43,24,86,26,41,62,27,69,4,74
5,43,17,15,1,24,29,30,71,47,49,37,83,84,92
50,43,62,29,68,10,49,55,61,30,18,57,97,13,8
50,43,36,29,68,93,49,54,27,1,5,37,71,23,55
63,50,24,29,68,87,49,23,14,84,31,28,45,37,27
50,47,36,41,68,42,49,79,27,1,62,32,7,23,9
50,40,36,26,68,93,49,54,27,1,62,37,60,23,9
50,61,0,95,5,42,1,93,27,57,68,0,0,1,47
25,38,10,7,5,64,36,102,96,53,59,28,4,77,34
0,0,0,0,0,0,0,0,0,0,0,0,0,0,0
0,0,0,0,0,0,0,0,0,0,0,0,0,0,0
0,0,0,0,0,0,0,0,0,0,0,0,0,0,0
0,0,0,0,0,0,0,0,0,0,0,0,0,0,0
0,0,0,0,0,0,0,0,0,0,0,0,0,0,0
0,0,0,0,0,0,0,0,0,0,0,0,0,0,0
0,0,0,0,0,0,0,0,0,0,0,0,0,0,0
0,0,0,0,0,0,0,0,0,0,0,0,0,0,0
30,32,5,6,5,27,24,86,4,22,52,79,56,29,31
30,32,5,6,5,59,24,86,4,45,52,79,19,29,39
37,58,1,25,5,32,24,86,34,49,26,37,57,101,91
37,58,1,25,5,32,24,86,34,49,26,37,57,101,91
5,43,17,15,1,24,29,30,71,47,49,37,99,75,92
5,43,17,15,1,24,29,30,71,47,49,37,99,75,92
15,5,17,26,71,37,66,3,40,30,92,87,23,98,79
15,5,40,26,71,65,59,3,66,30,86,45,91,98,79
50,40,36,26,68,93,49,54,27,1,62,37,60,23,9
50,0,36,0,68,0,49,0,0,0,0,37,60,0,0
94,50,31,63,67,29,3,59,48,62,41,36,74,40,58
94,50,31,32,67,29,3,59,49,62,6,36,74,40,58
58,1,36,64,68,3,17,76,27,5,3,79,23,26,22
58,1,36,64,68,3,41,76,27,5,3,79,23,26,22
7,35,28,10,28,20,74,49,59,10,4,69,13,92,13
7,35,47,10,28,20,74,49,59,10,4,69,13,92,13
0,0,0,0,0,0,0,0,0,0,0,0,0,0,0
0,0,0,0,0,0,0,0,0,0,0,0,0,0,0
0,0,0,0,0,0,0,0,0,0,0,0,0,0,0
0,0,0,0,0,0,0,0,0,0,0,0,0,0,0
26,58,26,36,5,33,24,86,44,3,51,103,29,53,7
30,32,5,6,5,59,24,86,4,85,52,79,19,29,39
62,7,62,25,5,32,24,86,44,39,6,92,31,67,34
62,7,62,25,5,32,24,86,44,39,6,92,31,25,34
62,7,62,25,5,32,24,86,44,62,6,92,31,67,63
62,7,62,25,5,32,24,86,44,62,6,92,31,67,34
15,5,17,26,71,37,66,3,40,30,92,87,23,98,79
15,5,17,26,71,37,66,3,40,30,92,87,67,98,79
15,5,17,26,34,57,61,71,89,23,17,35,23,55,2
6,45,1,62,34,71,59,96,15,68,59,43,23,19,76
45,45,6,15,30,71,64,67,26,48,22,57,40,56,104
45,65,6,92,31,71,99,25,26,57,7,23,104,52,98
8,52,46,28,68,55,65,31,34,19,6,90,59,59,46
8,52,46,32,68,101,36,26,59,19,88,76,57,34,69
8,52,46,32,68,101,36,26,59,19,88,12,57,14,69
8,52,7,32,35,67,36,95,19,38,96,53,63,9,10
66,2,10,33,58,36,68,27,54,75,27,19,8,56,90
61,2,10,33,8,36,68,27,45,73,2,23,52,72,8
61,2,10,33,8,36,68,27,38,73,34,23,52,72,8
7,40,10,38,8,36,72,27,19,94,83,25,67,69,53
47,35,63,64,5,78,24,86,17,4,43,101,27,35,69
45,63,1,24,5,32,28,86,43,52,69,26,70,96,66
45,63,31,24,40,56,5,86,43,52,7,70,17,96,66
62,58,94,25,5,57,24,86,44,37,83,29,81,17,53
62,58,94,25,5,57,24,86,44,37,83,29,81,17,53
90,31,33,42,5,17,24,54,56,9,83,95,7,15,39
90,31,33,42,5,17,24,54,56,9,83,95,7,15,39
88,6,63,24,5,60,9,86,83,36,84,73,20,94,25
15,5,17,26,34,57,30,71,91,23,17,35,23,55,2
15,5,17,26,34,57,30,71,91,23,17,35,23,98,2
59,63,5,71,88,64,26,102,28,92,32,23,102,32,65
45,42,6,46,57,71,102,61,26,92,74,23,85,71,85
45,65,6,46,57,71,97,61,26,92,74,23,34,71,85
8,52,42,6,68,51,36,2,59,19,35,12,4,1,69
56,61,8,68,47,33,52,63,28,104,34,37,102,19,95
56,61,8,68,47,33,52,63,28,104,34,37,102,19,29
56,61,8,68,57,33,63,65,28,104,34,37,102,19,101
7,35,10,38,13,36,30,7,19,76,64,102,49,68,55
7,35,10,12,28,36,76,27,19,96,74,65,87,5,47
7,35,10,12,28,36,76,27,19,96,74,65,87,5,47
47,94,63,64,5,78,24,86,17,4,43,101,27,35,69
45,63,16,24,40,56,5,86,43,52,7,22,17,96,66
45,63,16,24,40,56,5,86,43,93,7,73,13,96,58
45,24,83,62,6,79,91,46,0,60,3,94,4,10,3
45,24,83,62,6,79,91,46,0,60,3,94,4,10,3
5,24,83,41,40,26,39,73,48,63,71,9,83,67,39
5,24,83,41,40,26,39,73,48,63,71,80,83,39,86
88,6,63,24,5,60,9,86,83,36,81,73,34,91,25
88,6,63,24,5,60,9,58,83,36,81,73,34,91,25
59,63,5,15,89,71,26,102,7,92,87,23,102,96,67
45,45,6,15,33,71,64,67,26,55,22,57,40,56,104
45,45,6,56,55,71,13,67,26,38,22,5,101,98,104
7,41,71,45,77,32,37,31,10,27,22,60,76,97,19
7,41,71,45,20,102,37,31,10,27,22,60,79,97,19
56,61,8,68,47,33,52,63,28,104,34,37,102,19,95
10,61,8,68,47,33,52,65,28,104,34,37,102,19,24
10,61,8,68,47,33,52,65,28,104,34,37,102,19,6
10,61,8,68,47,33,102,65,28,104,34,37,102,19,24
7,10,75,33,52,36,30,29,33,65,23,40,2,45,86
7,10,75,33,63,36,30,91,33,46,23,82,3,45,86
89,35,45,33,5,78,24,84,51,4,43,30,7,76,69
47,35,63,64,5,78,24,84,63,4,43,101,27,35,69
90,8,55,42,5,7,24,45,78,9,83,95,46,91,39
45,24,83,14,54,38,4,41,52,48,52,94,4,77,3
45,24,83,14,54,38,4,41,52,48,52,94,4,77,3
90,92,48,42,5,93,24,51,0,63,83,53,7,86,39
5,24,83,10,17,53,11,73,37,8,34,17,73,87,3
5,24,83,10,17,53,11,73,37,8,34,17,67,41,93
7,46,90,55,7,45,24,83,31,94,83,11,69,66,39
59,63,5,15,89,71,26,102,7,92,37,23,102,96,67
45,45,6,15,33,71,64,67,26,55,22,57,40,56,104
45,65,6,46,71,71,15,40,26,7,74,23,13,99,18
7,47,71,45,94,32,94,45,15,27,22,31,57,96,93
7,41,71,45,76,102,37,31,10,27,22,60,79,52,19
67,47,47,52,65,98,2,53,33,36,66,27,19,69,53
10,68,103,68,47,33,52,36,28,7,34,37,102,19,6
10,68,103,68,47,33,52,36,28,104,34,37,102,19,6
13,92,7,57,35,67,36,95,19,38,84,53,63,27,10
7,10,75,33,63,36,30,91,33,46,23,82,3,45,86
7,10,75,33,56,36,30,27,33,65,23,58,87,45,35
17,43,59,61,45,28,59,90,19,44,56,37,13,12,35
17,43,51,82,5,78,19,56,12,30,29,79,95,48,39
17,43,51,65,5,78,19,56,44,30,29,79,81,48,73
47,35,63,64,5,78,24,86,22,4,43,101,27,35,69
45,24,83,14,54,97,40,41,52,48,52,94,4,77,3
45,24,83,14,54,97,40,41,52,57,52,94,4,102,3
5,24,83,10,17,5,11,73,37,8,91,17,73,87,3
7,92,90,55,7,45,24,83,16,9,83,25,69,35,39
7,92,90,55,7,45,24,83,16,9,83,46,69,35,30
71,6,41,97,47,12,57,5,27,11,8,62,82,22,36
45,45,6,15,55,71,13,67,26,38,22,5,101,98,104
45,65,6,46,71,71,15,40,26,7,74,23,34,99,18
7,47,71,45,94,32,2,45,15,27,22,31,61,78,93
7,47,71,45,94,32,20,45,15,27,22,31,61,78,93
67,70,47,52,95,53,74,25,33,36,69,27,19,66,103
67,70,47,52,95,53,74,25,33,36,69,27,19,66,103
10,8,56,68,8,33,12,15,28,28,34,37,102,23,6
13,92,8,57,58,71,58,68,33,36,19,2,99,27,13
13,65,8,13,75,92,20,96,33,36,19,9,69,27,68
67,2,10,33,8,36,75,15,76,28,34,23,5,81,82
17,43,96,37,64,98,19,14,43,33,29,12,35,97,54
17,43,44,82,58,44,19,25,25,70,76,4,86,17,82
7,6,89,17,43,19,99,73,31,1,81,49,42,50,17
7,6,89,17,43,19,99,103,31,1,81,49,42,50,17
44,51,71,100,45,47,61,38,15,29,19,80,34,59,12
45,24,83,19,54,93,4,41,52,52,52,94,4,87,3
45,24,83,19,54,93,4,41,52,52,52,94,62,87,3
71,44,61,25,15,97,31,72,27,17,87,1,32,32,6
71,43,74,59,6,98,42,13,38,5,29,70,23,85,20
71,6,66,97,47,12,8,5,27,11,8,62,41,22,36
71,45,20,58,7,41,6,96,98,27,96,21,51,19,66
71,45,97,70,7,33,60,76,7,27,98,1,76,19,6
71,45,8,103,10,33,13,36,23,34,20,76,1,97,97
71,45,8,98,10,33,13,36,23,34,20,61,1,56,97
67,70,47,52,95,53,74,25,33,36,69,27,19,66,103
13,7,10,33,53,15,36,40,51,65,11,22,79,43,75
13,7,10,33,53,15,36,40,15,65,11,22,79,43,75
13,92,8,57,17,69,58,94,33,36,19,2,100,27,86
13,68,8,13,75,92,20,96,33,36,19,9,69,27,87
67,2,70,33,8,36,75,15,76,28,34,19,5,81,82
17,43,59,87,45,28,19,102,60,44,69,12,13,101,24
17,43,44,82,58,44,19,25,25,70,76,4,86,17,82
7,6,89,17,43,19,99,103,31,1,81,49,42,50,17
44,93,71,63,73,65,73,42,20,29,4,38,63,12,75
44,51,71,100,45,47,61,38,15,29,19,80,57,59,12
44,93,71,63,73,49,73,42,20,29,4,68,63,12,75
71,6,41,20,5,90,30,73,4,35,29,29,49,26,88
71,44,41,54,7,61,62,5,27,74,42,42,84,29,67
71,44,76,54,7,61,62,5,27,100,42,42,84,29,67
71,45,37,89,63,42,8,5,27,4,70,32,84,62,40
71,45,17,8,6,94,71,17,90,27,10,55,55,49,15
71,45,94,90,7,33,60,99,15,27,22,1,62,94,1
71,45,8,15,48,33,73,36,23,34,2,54,25,50,29
71,45,8,15,48,33,73,36,23,34,102,54,77,62,98
67,71,63,102,8,33,46,15,54,28,19,34,5,12,56
67,8,56,15,8,33,100,15,53,28,19,81,29,74,86
67,8,56,15,8,33,100,15,53,28,19,81,29,74,96
13,92,8,57,15,91,20,8,33,36,19,2,102,27,59
13,65,8,13,15,92,20,96,33,36,19,9,69,27,68
73,47,76,66,41,48,69,74,33,36,22,27,71,30,11
17,43,59,61,45,28,19,45,60,44,56,12,13,101,24
17,56,90,31,43,19,38,61,64,70,4,13,37,26,58
17,43,17,35,48,93,19,49,101,28,87,35,96,39,50
44,93,71,63,73,65,73,42,20,29,4,38,63,12,75
44,51,71,100,45,47,61,38,15,29,19,1,34,59,12
44,51,71,100,45,47,61,38,15,29,19,62,57,59,12
71,6,41,20,5,90,30,73,4,53,27,91,49,62,88
71,44,41,54,7,61,62,5,27,74,93,42,22,24,83
71,44,41,54,7,61,62,5,27,76,42,42,84,29,61
71,60,59,45,6,48,92,101,5,27,22,4,95,28,34
71,45,98,13,48,60,6,94,27,23,92,70,77,6,23
71,45,94,90,7,33,60,99,15,27,22,1,62,94,1
71,45,8,12,48,33,73,36,23,34,99,54,25,50,29
71,45,8,15,48,33,73,36,23,34,2,54,25,50,29
67,71,63,59,8,33,46,15,54,28,19,34,5,12,43
67,8,56,15,8,33,71,15,53,28,19,81,29,74,80
13,92,8,57,15,46,20,17,33,36,19,30,73,27,60
13,92,8,57,15,91,20,8,33,36,19,2,102,27,90
13,65,8,13,15,92,20,96,33,36,19,9,69,27,68
73,47,76,66,41,48,69,74,33,36,22,27,71,30,11
17,56,90,31,43,19,38,35,64,94,88,83,37,26,78
17,17,90,31,43,19,38,65,64,94,88,83,37,26,51
44,1,46,20,95,90,61,44,104,29,75,32,85,20,5
44,93,71,63,73,65,73,42,20,29,4,38,63,12,75
71,43,32,24,3,24,29,52,71,33,49,2,82,91,73
71,49,71,60,104,33,97,76,7,27,98,2,76,56,6
71,6,41,20,5,90,30,73,4,94,27,91,49,26,88
71,44,15,25,15,97,62,5,27,17,93,1,100,77,6
71,44,21,25,15,97,62,5,27,17,12,1,100,32,101
71,60,59,45,6,48,92,101,5,27,22,4,95,28,34
71,45,76,13,48,60,6,94,27,23,92,70,77,6,23
71,45,8,66,7,48,8,38,7,27,18,103,27,19,68
58,61,71,45,7,33,100,23,14,34,57,28,21,37,27
58,61,71,45,7,33,100,23,14,34,57,28,21,37,48
67,6,102,52,33,71,37,19,79,28,34,41,35,59,39
67,71,56,15,8,33,100,15,53,28,19,81,29,74,96
13,92,8,57,15,46,20,17,33,36,19,30,73,27,60
13,92,8,57,15,77,20,17,33,36,19,2,102,27,59
13,65,8,8,15,77,20,17,33,36,19,2,35,27,59
13,95,2,61,18,15,104,59,33,36,19,17,57,27,18
17,43,51,65,47,78,19,56,44,30,29,79,81,48,73
17,43,57,35,51,97,19,102,101,47,24,89,70,18,26
44,1,46,20,95,65,61,44,104,29,75,32,85,20,5
44,93,71,37,73,36,61,99,20,29,4,39,63,0,77
71,45,20,13,56,60,49,3,27,23,92,11,9,4,94
71,45,57,94,3,84,64,70,6,104,97,90,65,91,41
17,69,57,25,5,32,24,4,34,47,26,40,94,103,62
71,44,21,25,15,97,62,5,27,17,87,1,100,32,6
71,44,21,25,11,66,62,5,27,17,87,1,0,32,6
71,1,11,5,6,48,92,17,5,27,9,54,1,49,62
71,45,17,20,48,101,7,6,27,23,31,26,74,23,63
71,45,17,8,62,48,71,17,90,27,21,50,55,49,15
71,45,8,98,56,33,13,32,23,12,20,27,1,97,71
58,61,71,45,7,52,100,23,14,34,54,28,43,37,27
67,6,102,52,33,71,37,19,79,28,34,41,35,59,36
67,16,47,52,2,21,33,19,77,28,34,19,74,64,11
13,92,8,57,2,33,22,79,33,98,89,28,93,27,33
13,13,8,57,2,33,22,79,33,98,89,28,93,27,33
13,35,8,93,2,33,22,79,33,98,40,28,93,27,83
13,95,2,37,18,15,104,59,33,36,19,17,6,27,18
17,43,93,37,64,87,19,14,43,33,29,12,35,97,54
33,43,57,55,51,38,19,32,77,40,24,35,76,104,33
44,1,51,20,83,65,61,44,104,29,7,9,85,71,53
44,93,71,37,73,21,61,31,83,29,4,34,40,90,75
71,45,57,17,3,73,64,70,6,104,97,90,65,91,41
69,8,49,45,35,33,41,23,69,44,84,28,85,99,27
17,69,57,25,5,32,24,4,34,47,26,40,94,103,62
71,44,54,17,25,14,97,5,27,17,87,80,100,32,6
71,44,21,25,97,14,97,5,27,17,87,17,100,32,6
71,1,11,5,6,48,92,17,5,27,25,54,1,49,62
71,45,11,69,6,48,92,17,38,27,9,94,68,49,62
71,45,71,59,7,33,100,23,14,27,80,22,3,91,27
71,45,8,98,56,33,13,32,23,12,20,27,1,97,97
69,8,71,45,35,33,41,23,69,44,84,28,85,99,27
67,25,6,52,57,19,42,103,40,28,34,38,87,12,48
13,74,8,72,62,46,22,69,33,36,40,67,61,6,27
13,74,8,72,56,46,22,95,33,36,40,67,61,71,27
13,92,8,57,96,33,22,79,33,98,80,28,93,27,33
13,92,8,93,2,33,22,79,33,98,40,28,93,27,83
73,7,70,70,41,71,74,93,33,64,22,69,36,83,27
44,65,19,73,36,13,61,29,104,29,62,32,85,20,8
17,43,93,37,64,87,19,14,43,33,29,12,35,97,54
17,43,57,55,51,38,19,32,77,40,24,35,76,104,26
44,93,71,37,73,21,61,31,83,29,11,34,40,90,75
71,45,20,13,7,60,49,3,27,23,92,11,9,4,94
48,32,71,61,19,10,71,7,60,59,9,26,74,28,75
71,6,41,85,5,90,30,73,4,94,27,91,49,49,88
71,43,74,19,6,84,43,97,5,80,29,32,47,47,39
71,43,74,19,6,24,43,87,5,80,29,70,23,47,39
71,1,11,5,18,48,94,62,22,27,9,54,68,9,59
71,45,8,8,6,6,73,17,23,27,2,55,25,50,61
71,45,8,72,7,48,55,23,33,72,16,38,27,27,18
71,45,8,15,48,33,73,32,23,34,102,102,77,101,98
67,20,6,52,57,19,2,38,40,28,34,38,88,89,48
67,20,6,52,57,19,2,38,40,28,34,38,88,89,48
13,74,8,72,62,46,22,95,33,36,40,67,61,71,27
13,92,8,57,96,72,22,84,33,36,100,17,92,27,4
13,92,8,57,96,72,22,84,33,36,100,17,92,27,4
13,92,8,101,23,72,22,84,33,36,100,17,92,27,4
75,92,7,94,96,73,22,84,33,36,100,28,18,27,49
71,0,28,0,0,88,0,55,0,57,0,0,0,4,0
71,22,24,21,3,37,71,8,94,57,64,99,94,28,45
71,22,24,21,3,37,71,8,94,57,64,99,94,28,45
48,1,63,64,19,3,17,1,1,5,3,26,74,80,46
48,32,71,61,19,73,71,97,60,59,9,26,74,98,18
48,32,71,61,19,73,71,7,60,59,9,26,74,81,18
48,32,71,61,19,73,71,7,60,59,9,26,95,81,18
71,43,74,19,6,76,43,87,5,80,29,70,23,93,39
71,43,74,19,6,24,43,87,5,80,29,70,23,85,39
71,23,41,100,57,12,57,5,27,11,8,10,82,22,36
71,45,23,8,6,94,71,17,59,27,64,57,73,67,15
71,45,8,72,7,69,55,23,33,72,16,38,27,67,70
71,45,8,72,7,48,55,23,33,72,16,89,27,40,18
67,20,6,52,57,19,2,38,40,28,34,38,88,89,48
67,20,6,52,91,19,2,38,40,28,34,56,88,89,48
13,70,8,72,17,46,22,25,33,36,41,71,19,27,59
21,70,47,23,72,38,33,56,69,36,65,27,75,28,74
13,69,8,73,15,90,22,47,33,36,53,22,61,27,76
13,69,8,73,15,90,22,8,33,36,75,71,61,27,59
73,70,47,23,87,76,95,102,33,36,82,27,45,99,22