64,2,5,49,22,86,94,52,3,79,49,21,60,5,36
2,92,5,6,24,48,34,25,34,35,49,10,13,72,36
0,0,0,0,0,0,0,0,0,0,0,0,0,0,0
0,0,0,0,0,0,0,0,0,0,0,0,0,0,0
0,0,0,0,0,0,0,0,0,0,0,0,0,0,0
0,0,0,0,0,0,0,0,0,0,0,0,0,0,0
0,0,0,0,0,0,0,0,0,0,0,0,0,0,0
0,0,0,0,0,0,0,0,0,0,0,0,0,0,0
0,0,0,0,0,0,0,0,0,0,0,0,0,0,0
0,0,0,0,0,0,0,0,0,0,0,0,0,0,0
0,0,0,0,0,0,0,0,0,0,0,0,0,0,0
0,0,0,0,0,0,0,0,0,0,0,0,0,0,0
0,0,0,0,0,0,0,0,0,0,0,0,0,0,0
0,0,0,0,0,0,0,0,0,0,0,0,0,0,0
0,0,0,0,0,0,0,0,0,0,0,0,0,0,0
0,0,0,0,0,0,0,0,0,0,0,0,0,0,0
0,0,0,0,0,0,0,0,0,0,0,0,0,0,0
0,0,0,0,0,0,0,0,0,0,0,0,0,0,0
0,0,0,0,0,0,0,0,0,0,0,0,0,0,0
0,0,0,0,0,0,0,0,0,0,0,0,0,0,0
15,49,5,55,24,31,71,55,24,29,43,63,39,35,44
15,49,0,0,0,16,71,0,24,0,0,63,11,0,44
46,55,10,8,33,62,36,49,2,42,36,21,26,12,95
0,0,0,0,0,0,0,0,0,0,0,0,0,0,0
0,0,0,0,0,0,0,0,0,0,0,0,0,0,0
0,0,0,0,0,0,0,0,0,0,0,0,0,0,0
0,0,0,0,0,0,0,0,0,0,0,0,0,0,0
0,0,0,0,0,0,0,0,0,0,0,0,0,0,0
0,0,0,0,0,0,0,0,0,0,0,0,0,0,0
0,0,0,0,0,0,0,0,0,0,0,0,0,0,0
0,0,0,0,0,0,0,0,0,0,0,0,0,0,0
0,0,0,0,0,0,0,0,0,0,0,0,0,0,0
0,0,0,0,0,0,0,0,0,0,0,0,0,0,0
0,0,0,0,0,0,0,0,0,0,0,0,0,0,0
0,0,0,0,0,0,0,0,0,0,0,0,0,0,0
0,0,0,0,0,0,0,0,0,0,0,0,0,0,0
0,0,0,0,0,0,0,0,0,0,0,0,0,0,0
0,0,0,0,0,0,0,0,0,0,0,0,0,0,0
0,0,0,0,0,0,0,0,0,0,0,0,0,0,0
0,0,0,0,0,0,0,0,0,0,0,0,0,0,0
58,65,5,43,38,94,29,86,48,49,5,5,70,74,18
15,49,0,0,0,16,71,0,24,0,0,63,0,0,44
46,55,10,8,33,62,36,49,2,13,36,21,26,12,95
54,43,5,50,57,47,26,98,3,80,10,61,52,32,56
0,0,0,0,0,0,0,0,0,0,0,0,0,0,0
0,0,0,0,0,0,0,0,0,0,0,0,0,0,0
0,0,0,0,0,0,0,0,0,0,0,0,0,0,0
0,0,0,0,0,0,0,0,0,0,0,0,0,0,0
0,0,0,0,0,0,0,0,0,0,0,0,0,0,0
0,0,0,0,0,0,0,0,0,0,0,0,0,0,0
0,0,0,0,0,0,0,0,0,0,0,0,0,0,0
0,0,0,0,0,0,0,0,0,0,0,0,0,0,0
0,0,0,0,0,0,0,0,0,0,0,0,0,0,0
0,0,0,0,0,0,0,0,0,0,0,0,0,0,0
0,0,0,0,0,0,0,0,0,0,0,0,0,0,0
0,0,0,0,0,0,0,0,0,0,0,0,0,0,0
0,0,0,0,0,0,0,0,0,0,0,0,0,0,0
0,0,0,0,0,0,0,0,0,0,0,0,0,0,0
0,0,0,0,0,0,0,0,0,0,0,0,0,0,0
0,0,0,0,0,0,0,0,0,0,0,0,0,0,0
58,65,5,43,38,94,29,86,32,49,24,2,70,39,18
58,65,5,43,38,94,29,86,93,49,24,2,70,39,18
32,16,5,9,91,25,26,44,71,29,12,51,34,53,4
32,16,5,9,91,25,26,44,71,29,12,51,34,53,4
50,66,44,8,36,32,5,68,71,34,60,100,49,21,18
0,0,0,0,0,0,0,0,0,0,0,0,0,0,0
0,0,0,0,0,0,0,0,0,0,0,0,0,0,0
0,0,0,0,0,0,0,0,0,0,0,0,0,0,0
0,0,0,0,0,0,0,0,0,0,0,0,0,0,0
0,0,0,0,0,0,0,0,0,0,0,0,0,0,0
0,0,0,0,0,0,0,0,0,0,0,0,0,0,0
0,0,0,0,0,0,0,0,0,0,0,0,0,0,0
0,0,0,0,0,0,0,0,0,0,0,0,0,0,0
0,0,0,0,0,0,0,0,0,0,0,0,0,0,0
0,0,0,0,0,0,0,0,0,0,0,0,0,0,0
0,0,0,0,0,0,0,0,0,0,0,0,0,0,0
0,0,0,0,0,0,0,0,0,0,0,0,0,0,0
0,0,0,0,0,0,0,0,0,0,0,0,0,0,0
0,0,0,0,0,0,0,0,0,0,0,0,0,0,0
0,0,0,0,0,0,0,0,0,0,0,0,0,0,0
64,46,5,36,63,86,36,52,3,102,49,21,9,5,77
64,46,5,36,63,86,94,52,3,79,49,21,60,5,36
65,9,5,17,44,89,29,1,104,94,41,98,4,71,18
38,15,5,62,44,65,29,9,71,3,11,98,40,0,13
50,63,44,26,36,64,0,68,71,29,93,100,49,90,31
50,66,44,32,36,32,5,68,71,34,60,100,49,21,64
50,63,44,2,36,64,0,68,34,98,93,100,49,90,95
66,5,5,1,57,50,26,98,3,80,10,40,37,32,56
66,5,5,1,57,50,26,98,3,80,10,40,37,32,56
0,0,0,0,0,0,0,0,0,0,0,0,0,0,0
0,0,0,0,0,0,0,0,0,0,0,0,0,0,0
0,0,0,0,0,0,0,0,0,0,0,0,0,0,0
0,0,0,0,0,0,0,0,0,0,0,0,0,0,0
0,0,0,0,0,0,0,0,0,0,0,0,0,0,0
0,0,0,0,0,0,0,0,0,0,0,0,0,0,0
0,0,0,0,0,0,0,0,0,0,0,0,0,0,0
0,0,0,0,0,0,0,0,0,0,0,0,0,0,0
0,0,0,0,0,0,0,0,0,0,0,0,0,0,0
0,0,0,0,0,0,0,0,0,0,0,0,0,0,0
0,0,0,0,0,0,0,0,0,0,0,0,0,0,0
5,27,37,24,32,86,48,3,54,51,25,84,103,31,100
5,27,37,24,32,86,48,3,54,51,25,84,103,31,100
58,65,5,90,38,94,29,86,93,49,24,2,70,39,18
38,15,5,17,44,89,29,56,71,9,55,98,4,65,18
38,15,5,17,44,89,29,56,71,94,41,98,4,65,18
50,63,44,48,36,64,89,68,71,29,93,100,49,90,31
50,63,44,2,36,64,0,68,34,98,93,13,49,90,95
50,37,50,26,36,0,0,68,71,7,93,59,49,90,75
50,37,91,40,36,24,58,68,71,54,93,50,49,90,2
50,8,52,38,36,38,64,68,5,3,27,24,14,63,92
50,8,52,38,36,13,53,68,5,3,27,24,14,63,92
2,92,5,10,24,48,34,25,34,104,49,91,13,98,70
0,0,0,0,0,0,0,0,0,0,0,0,0,0,0
0,0,0,0,0,0,0,0,0,0,0,0,0,0,0
0,0,0,0,0,0,0,0,0,0,0,0,0,0,0
0,0,0,0,0,0,0,0,0,0,0,0,0,0,0
0,0,0,0,0,0,0,0,0,0,0,0,0,0,0
0,0,0,0,0,0,0,0,0,0,0,0,0,0,0
0,0,0,0,0,0,0,0,0,0,0,0,0,0,0
0,0,0,0,0,0,0,0,0,0,0,0,0,0,0
34,46,5,36,38,86,65,66,3,93,30,86,18,64,4
5,2,64,24,62,86,48,3,54,51,25,84,103,31,43
5,2,47,24,62,86,48,3,2,51,25,84,103,31,71
6,2,5,24,5,86,40,92,43,86,1,34,42,94,18
38,15,5,17,44,89,29,56,71,9,55,44,4,65,18
38,15,5,17,44,89,29,56,71,9,3,44,4,65,18
2,15,5,26,50,59,47,65,71,7,102,67,4,7,76
2,15,5,26,50,59,47,35,71,7,102,67,4,7,76
38,15,5,59,37,91,27,56,71,94,43,46,4,47,18
50,37,91,40,36,24,58,68,71,54,93,50,49,90,2
8,50,31,32,67,66,29,28,31,4,60,88,6,76,50
8,50,31,32,67,66,29,28,31,4,60,88,6,62,50
8,42,53,60,94,25,33,36,67,2,7,3,27,23,25
8,33,28,24,61,47,94,67,4,34,47,51,83,46,8
8,33,28,24,61,47,94,67,4,34,47,51,83,46,8
46,7,10,62,33,62,36,53,54,21,55,21,26,12,92
0,0,0,0,0,0,0,0,0,0,0,0,0,0,0
0,0,0,0,0,0,0,0,0,0,0,0,0,0,0
0,0,0,0,0,0,0,0,0,0,0,0,0,0,0
0,0,0,0,0,0,0,0,0,0,0,0,0,0,0
34,46,5,36,63,86,65,66,3,93,30,100,18,64,4
5,2,64,24,62,86,48,3,54,51,25,84,103,31,43
5,2,64,24,62,86,48,3,54,51,25,84,103,31,43
6,2,5,24,5,86,40,92,93,86,43,34,33,34,18
6,2,5,24,5,86,40,92,93,86,43,34,33,34,18
6,2,5,24,38,86,40,92,43,21,1,34,76,9,18
66,15,5,27,41,93,34,37,71,31,55,91,4,97,103
38,15,5,17,37,89,27,64,71,94,43,18,4,65,18
35,15,5,27,60,28,66,35,71,17,61,60,3,77,15
5,91,38,17,24,33,71,27,39,17,28,27,98,20,11
50,68,7,76,21,26,104,62,33,28,3,89,72,25,87
50,68,7,76,21,26,65,62,33,94,3,89,72,25,34
45,8,32,92,16,91,58,7,56,32,42,36,71,23,3
6,51,32,62,52,67,62,99,101,21,61,68,12,26,19
46,8,32,62,52,67,36,104,14,52,91,16,27,14,19
35,8,32,47,52,67,36,66,1,67,91,27,27,33,19
8,42,42,60,94,25,33,36,67,2,7,91,27,23,25
8,10,8,60,94,25,33,36,67,2,103,91,27,23,80
8,10,94,60,94,25,33,36,77,2,7,62,27,23,99
8,10,10,60,94,25,33,36,77,2,7,62,27,23,99
88,7,5,15,24,55,79,86,55,5,49,0,29,57,44
45,40,37,15,24,35,48,86,33,93,49,78,61,13,60
45,40,37,15,24,33,48,86,33,93,49,97,61,13,75
33,30,5,32,24,86,55,43,63,84,14,53,48,71,14
2,2,5,24,62,86,52,85,94,25,44,29,42,69,17
2,2,5,24,62,86,52,85,94,25,44,29,42,69,17
47,31,5,7,24,90,83,30,58,22,32,22,27,23,41
47,31,5,7,24,90,83,30,58,12,32,42,27,94,41
15,2,5,90,24,59,71,55,24,29,43,63,28,83,33
15,2,5,90,24,59,71,55,24,29,43,63,28,48,33
50,68,7,76,21,26,104,62,33,94,3,89,72,25,34
6,71,45,10,7,26,96,21,47,98,70,23,87,23,22
6,71,45,10,7,26,96,21,47,91,70,23,87,23,8
58,71,45,74,8,36,77,32,40,98,67,23,91,5,78
8,10,63,61,52,67,33,37,35,102,36,51,27,52,19
8,10,67,61,52,38,33,37,2,102,36,93,27,23,19
8,10,63,61,52,67,33,37,2,102,36,93,27,23,19
35,56,62,47,94,10,21,66,75,60,28,27,19,62,67
8,61,10,65,33,62,42,61,75,57,36,40,26,23,101
8,61,10,65,33,62,42,61,75,57,36,40,26,23,101
45,17,82,81,24,57,48,86,4,47,23,74,5,6,59
91,25,5,41,24,79,55,91,17,84,51,3,43,54,5
24,5,42,85,58,51,44,84,13,10,87,103,23,20,82
15,40,63,45,24,15,83,88,3,80,98,73,80,5,64
2,2,5,24,62,86,52,85,94,25,44,29,42,69,17
7,2,5,24,5,86,40,83,43,86,1,34,42,27,18
47,31,5,7,24,90,83,30,58,22,32,22,27,23,41
6,40,95,45,56,24,40,83,15,86,1,34,53,94,18
15,2,5,55,24,94,71,69,24,29,43,63,98,78,33
15,55,5,55,35,92,71,69,24,29,56,23,98,71,33
15,55,5,55,35,60,71,69,24,29,56,23,98,71,33
6,71,45,10,7,26,96,21,47,98,70,23,87,23,8
58,71,45,37,8,76,12,32,34,101,101,93,42,23,56
58,71,45,37,8,13,12,32,34,101,101,93,42,23,56
8,64,63,63,52,67,33,58,47,35,36,55,27,66,19
8,10,67,61,52,38,33,37,2,93,36,93,27,14,19
8,10,67,61,52,38,33,37,2,102,36,93,27,23,19
35,56,62,47,94,10,21,16,75,60,28,27,19,62,67
8,10,67,61,101,38,33,37,2,102,36,93,27,23,19
8,10,12,76,98,67,33,36,34,52,94,99,0,23,8
80,56,5,91,24,86,79,84,49,42,14,81,76,99,42
79,38,5,80,24,80,83,59,3,92,0,92,21,19,79
91,88,5,41,24,79,54,95,17,84,83,90,43,54,5
15,40,63,45,24,15,83,88,3,80,62,31,27,5,64
15,40,63,45,24,15,83,38,3,80,62,41,27,5,64
7,2,5,24,5,86,40,83,43,86,102,34,42,27,18
7,2,5,24,5,86,40,83,43,81,102,34,42,27,18
6,40,95,45,56,24,40,83,103,86,1,34,53,94,18
6,40,95,45,92,24,17,83,103,86,1,34,53,94,18
15,55,5,55,35,60,71,69,24,29,56,23,98,71,33
15,55,5,55,58,60,71,69,25,29,56,23,98,71,33
6,71,45,48,66,26,63,23,52,42,45,23,87,23,64
58,71,45,37,8,76,12,32,34,101,101,93,42,23,53
58,71,45,37,8,76,12,32,34,101,101,64,42,23,56
68,8,95,72,42,56,46,101,38,52,28,38,19,104,26
68,8,95,72,42,96,46,101,38,52,28,38,19,104,26
21,64,102,7,97,72,35,8,16,53,28,1,23,90,29
10,21,75,56,47,10,33,2,102,94,36,32,91,23,26
10,21,75,67,47,8,33,21,102,38,36,32,101,23,26
10,92,75,93,95,8,33,21,28,51,93,17,101,23,26
79,38,5,80,24,80,83,59,3,92,78,92,21,19,79
79,38,5,80,24,80,83,59,4,92,78,92,21,0,79
17,15,44,70,46,61,1,72,26,34,3,39,103,84,90
17,15,44,70,46,61,28,74,26,103,3,91,34,84,15
17,15,44,70,103,61,36,47,26,42,55,19,7,47,14
15,46,5,1,24,90,83,17,22,83,63,58,6,4,45
6,94,95,45,56,24,40,83,35,19,73,24,77,100,49
6,94,95,45,56,24,40,83,35,19,73,34,77,100,49
7,94,95,45,56,24,40,83,35,19,73,34,77,100,49
55,71,5,55,27,58,51,55,55,29,7,63,42,97,49
71,74,93,89,45,69,6,68,103,103,27,89,22,78,94
6,71,45,48,66,26,63,23,52,42,45,72,87,23,57
58,71,45,37,8,48,12,32,34,101,103,28,27,23,27
58,71,45,37,8,48,12,32,34,101,101,93,27,23,27
68,20,102,7,52,59,40,53,100,33,28,99,19,30,22
21,101,102,7,52,8,33,97,12,53,28,1,23,25,29
21,64,102,7,97,72,35,8,16,53,28,1,23,90,29
10,21,75,56,47,10,33,2,102,94,36,32,91,23,26
10,21,75,68,47,69,33,21,102,38,36,32,101,23,26
10,92,75,93,95,8,33,21,28,51,93,17,101,23,26
17,61,56,43,97,19,59,48,52,82,93,87,56,56,43
17,93,44,57,30,15,19,104,57,99,43,63,8,4,99
17,92,44,57,30,8,19,104,57,99,43,63,101,4,99
17,15,44,70,46,61,28,74,26,103,3,91,34,84,8
17,15,44,70,103,61,36,47,26,88,55,19,7,47,14
47,40,44,70,4,41,25,76,90,87,65,29,40,96,58
45,63,35,88,24,89,85,6,13,76,3,67,53,10,40
45,63,35,56,24,45,85,86,13,12,3,67,65,84,10
45,63,35,56,24,45,85,86,13,12,3,67,65,84,3
55,71,5,55,27,58,51,55,55,29,7,63,28,97,49
17,71,65,20,45,6,35,58,96,59,42,27,66,25,86
42,71,45,7,95,64,33,27,22,5,18,90,5,48,65
58,71,45,37,8,48,12,32,34,101,101,93,27,23,27
68,8,15,71,58,38,2,50,38,29,28,67,19,91,29
68,20,102,7,52,59,40,53,100,33,28,99,19,73,22
68,70,102,7,72,59,7,53,100,33,28,99,19,70,39
21,64,102,7,17,72,35,8,16,53,28,1,23,90,29
10,21,75,101,56,8,33,103,48,36,37,36,63,23,26
10,21,75,67,47,8,33,21,102,48,36,32,75,23,26
10,62,75,101,8,8,33,8,48,36,37,8,17,22,26
17,93,44,65,30,15,19,104,57,99,58,96,8,83,99
43,93,44,57,30,15,19,104,57,79,43,63,8,4,99
17,38,44,57,37,15,19,13,2,68,43,88,60,49,8
17,15,44,70,68,100,41,92,25,36,65,27,26,47,4
17,40,44,70,4,41,25,76,90,36,65,29,40,96,58
70,25,103,61,69,9,16,26,32,23,12,61,3,70,11
31,71,5,51,44,38,30,4,5,36,13,45,70,21,3
17,48,71,47,43,5,53,90,26,95,78,5,83,70,83
15,71,5,55,24,31,71,55,24,29,43,63,39,35,44
71,17,58,57,45,73,68,68,95,5,27,8,23,14,41
17,71,65,20,45,6,35,58,96,59,42,27,66,25,86
71,17,20,7,45,74,33,2,95,72,27,8,23,42,76
71,17,20,7,45,74,33,2,75,72,27,8,23,42,76
68,8,15,71,25,38,2,50,38,52,28,67,19,91,29
68,8,15,72,37,56,46,101,38,52,28,7,19,72,26
68,8,15,71,25,38,2,102,38,52,28,70,19,91,29
21,64,102,7,15,72,35,8,16,53,28,1,23,90,29
10,21,75,67,47,8,33,21,102,48,36,32,101,23,26
10,21,2,12,47,15,33,70,69,20,28,26,41,23,70
10,62,75,101,8,8,33,8,48,36,37,8,17,22,26
17,61,56,43,38,19,59,48,52,51,93,63,101,23,43
17,32,44,61,42,19,79,66,3,4,96,86,15,39,51
17,43,57,17,15,92,19,92,7,79,49,50,29,18,94
17,40,44,70,68,74,32,1,30,36,65,20,24,96,45
70,25,103,61,69,9,61,26,10,96,89,61,3,19,29
70,25,103,61,69,9,61,26,10,85,59,61,3,19,29
31,71,5,51,44,38,30,4,5,36,13,45,70,21,3
15,71,5,55,43,94,71,69,24,29,43,63,98,78,33
15,71,5,55,24,31,71,55,24,29,43,63,39,35,44
71,17,20,57,45,73,68,68,95,5,27,8,23,14,41
71,74,42,69,45,15,6,33,8,103,27,36,68,22,104
71,17,20,7,45,74,33,2,95,72,27,8,23,42,71
58,71,45,56,8,97,77,32,102,67,44,23,35,21,27
68,8,15,71,25,38,2,50,38,52,28,67,19,91,29
68,8,15,72,37,56,46,101,38,52,28,7,19,72,26
68,8,15,71,25,38,2,64,38,52,28,67,19,91,29
21,64,102,7,15,72,35,8,16,53,28,1,23,90,29
68,8,15,72,70,56,41,101,38,57,28,56,19,72,26
10,21,2,12,47,15,33,70,69,20,28,26,41,23,70
10,62,75,101,8,11,33,8,48,36,32,8,51,23,26
17,61,15,43,38,19,59,48,28,51,41,63,101,23,73
17,94,44,40,1,92,19,5,55,104,28,9,102,73,60
17,40,44,70,86,100,46,92,30,36,65,27,24,96,66
17,40,44,70,68,74,32,1,30,36,65,20,24,96,45
70,25,103,61,69,9,61,26,77,96,36,61,3,19,29
31,71,5,51,44,38,30,4,5,36,13,45,70,21,3
15,71,5,17,24,9,71,27,24,58,43,63,6,16,71
17,48,71,47,43,5,53,90,26,95,101,5,83,70,83
15,71,5,17,24,68,99,27,24,87,22,70,1,16,28
15,71,17,6,45,40,27,22,66,24,80,44,95,57,95
71,74,42,69,45,15,6,15,8,103,27,36,68,22,104
71,17,20,7,45,74,33,2,95,48,27,8,23,42,76
58,71,45,56,8,46,77,32,102,67,67,23,35,21,27
58,71,45,56,8,46,77,32,102,67,67,23,35,21,27
68,41,20,48,72,95,46,7,38,53,28,40,19,51,29
68,41,20,48,72,95,46,7,38,53,28,40,19,51,29
67,8,1,63,46,55,33,23,38,77,28,34,66,92,60
10,21,2,66,47,15,33,14,69,20,28,26,32,23,85
10,21,2,12,47,15,33,14,69,20,28,26,32,23,85
10,21,2,12,94,15,33,14,8,20,28,26,41,23,85
17,33,44,82,94,92,19,45,61,95,91,26,6,25,45
17,94,44,40,1,92,19,5,55,104,28,9,102,73,60
17,40,44,70,86,100,46,92,30,36,65,27,24,96,66
17,40,44,70,86,41,46,76,36,36,65,29,40,96,70
70,25,103,61,69,9,61,26,10,85,59,61,3,19,29
71,99,75,7,49,15,33,23,25,75,27,83,50,11,53
15,71,5,17,24,9,71,27,24,58,43,63,103,16,71
17,71,5,17,24,48,30,22,63,69,3,50,56,75,90
15,71,5,17,24,68,71,27,24,87,22,63,3,16,71
15,71,17,6,45,40,27,22,66,24,19,55,82,84,95
17,71,65,20,45,6,35,58,96,48,11,27,66,25,86
71,99,93,7,45,15,33,95,48,18,27,97,30,56,39
58,71,45,56,8,46,23,32,102,67,67,23,35,21,27
58,71,45,72,8,48,103,32,38,55,101,93,76,22,27
46,69,46,42,62,42,8,23,33,28,7,34,62,4,57
67,8,1,63,46,94,33,23,18,80,28,34,72,21,79
67,8,1,63,46,55,33,23,38,77,28,34,66,92,60
67,8,25,63,56,67,33,23,18,73,28,74,77,24,4
67,8,25,63,93,10,33,23,10,73,28,74,77,24,4
10,73,7,21,71,68,33,23,75,104,36,80,81,63,27
17,33,44,52,94,1,19,45,83,51,84,26,29,54,78
17,33,44,52,88,93,19,45,30,87,84,36,29,95,97
17,40,44,70,84,100,46,92,30,36,65,27,24,85,66
17,40,44,70,84,41,46,76,36,36,65,29,40,96,46
70,25,57,41,77,9,19,26,69,70,84,48,3,19,29
71,99,93,7,45,15,49,95,48,18,27,91,30,89,39
15,71,5,17,24,9,71,27,24,58,43,63,6,16,71
17,71,5,17,24,48,30,22,63,69,3,15,56,75,90
17,71,5,99,24,23,30,70,84,62,38,64,69,66,39
15,71,17,6,45,40,27,71,47,9,100,48,7,57,31
71,10,6,41,45,48,12,64,42,14,27,29,22,2,82
71,17,20,7,45,74,33,2,95,23,27,8,23,42,76
58,71,45,8,72,19,33,32,34,40,82,95,88,78,12
58,71,46,8,72,19,73,32,34,31,82,58,13,78,46
58,69,46,7,16,96,10,23,33,28,77,46,27,58,49
67,8,1,63,46,48,33,23,38,77,28,34,66,92,60
67,8,1,63,46,48,33,23,38,77,28,34,44,82,60
13,13,54,67,62,42,8,23,33,28,27,37,90,34,47
10,73,7,21,71,68,33,23,75,104,36,80,81,63,27
10,73,7,21,71,68,33,23,61,104,36,80,81,63,27
17,90,44,52,94,1,19,45,83,67,84,26,29,66,78
17,43,57,17,15,92,19,92,41,79,72,72,29,18,94
17,43,57,17,15,92,19,92,41,79,72,72,29,73,94
70,25,91,41,77,9,19,26,69,70,89,48,3,81,42
70,25,57,41,77,9,19,26,69,70,84,48,3,19,29
71,74,93,4,45,23,89,95,8,90,27,31,75,56,71
71,74,46,76,19,9,6,29,8,55,0,36,22,5,38
17,71,5,22,24,48,30,22,63,69,3,15,56,75,90
71,5,94,23,24,55,27,90,13,60,63,11,82,60,95
71,5,94,23,24,55,27,90,13,60,63,11,82,60,95
71,74,93,7,45,23,6,95,8,102,27,31,65,56,71
71,74,93,7,45,23,89,95,8,90,27,31,75,96,71
65,71,45,8,72,19,101,32,34,40,95,83,88,8,49
65,71,45,8,72,19,10,32,34,40,95,57,88,8,49
68,8,19,72,25,79,46,52,38,11,28,38,62,72,26
13,69,46,56,62,42,8,23,33,28,27,37,90,34,47
13,69,46,56,62,42,8,23,33,28,27,37,90,34,47
67,8,23,59,92,13,33,56,28,19,61,34,67,96,64
67,8,23,59,92,13,33,64,28,19,61,34,67,96,64
10,73,7,64,19,68,33,22,75,104,36,80,81,63,27
71,0,0,4,0,0,6,34,102,0,0,0,0,5,0
42,71,23,42,24,90,86,44,9,91,70,62,74,59,38
42,71,23,42,24,50,86,44,9,91,70,62,21,59,38
70,25,33,19,100,9,57,26,79,70,95,48,3,0,29
70,25,70,19,100,9,57,26,79,70,95,12,3,0,53
71,101,93,94,19,9,6,29,8,95,27,36,22,5,25
71,101,93,94,19,9,6,34,8,95,27,36,22,5,33
71,74,46,76,19,9,6,29,8,55,0,36,22,5,38
17,71,19,68,45,6,24,39,12,26,40,58,51,1,27
17,71,19,87,45,6,24,58,17,5,80,93,87,78,29
71,74,93,7,45,23,6,95,8,21,27,31,65,56,71
71,74,93,7,45,23,89,95,8,90,27,32,11,56,71
42,69,46,7,95,104,92,23,33,99,27,93,35,42,23
42,69,46,7,95,104,92,23,33,28,27,28,35,42,23
42,69,46,7,95,104,92,23,33,28,27,28,35,42,23
13,69,46,56,62,42,8,23,33,28,27,37,90,34,74
13,69,46,67,62,42,8,23,33,28,27,37,90,34,47
13,69,16,55,55,102,8,23,33,28,7,76,62,34,57
13,69,25,69,104,102,8,23,33,28,7,76,67,34,57
72,69,47,97,15,42,100,23,33,28,95,34,28,2,75