0,0,0,0,0,30,4,56,17,63,0,48,5,2,43
16,49,51,52,2,28,67,82,4,84,64,12,4,88,15
0,0,0,0,0,0,0,0,0,0,0,0,0,0,0
0,0,0,0,0,0,0,0,0,0,0,0,0,0,0
0,0,0,0,0,0,0,0,0,0,0,0,0,0,0
0,0,0,0,0,0,0,0,0,0,0,0,0,0,0
0,0,0,0,0,0,0,0,0,0,0,0,0,0,0
0,0,0,0,0,0,0,0,0,0,0,0,0,0,0
0,0,0,0,0,0,0,0,0,0,0,0,0,0,0
0,0,0,0,0,0,0,0,0,0,0,0,0,0,0
0,0,0,0,0,0,0,0,0,0,0,0,0,0,0
0,0,0,0,0,0,0,0,0,0,0,0,0,0,0
0,0,0,0,0,0,0,0,0,0,0,0,0,0,0
0,0,0,0,0,0,0,0,0,0,0,0,0,0,0
0,0,0,0,0,0,0,0,0,0,0,0,0,0,0
0,0,0,0,0,0,0,0,0,0,0,0,0,0,0
0,0,0,0,0,0,0,0,0,0,0,0,0,0,0
0,0,0,0,0,0,0,0,0,0,0,0,0,0,0
0,0,0,0,0,0,0,0,0,0,0,0,0,0,0
0,0,0,0,0,0,0,0,0,0,0,0,0,0,0
49,46,7,33,63,15,77,53,55,13,28,22,29,67,66
52,7,45,25,41,61,10,49,40,92,34,19,78,88,27
52,7,45,25,41,61,10,49,40,92,34,19,78,88,11
0,0,0,0,0,0,0,0,0,0,0,0,0,0,0
0,0,0,0,0,0,0,0,0,0,0,0,0,0,0
0,0,0,0,0,0,0,0,0,0,0,0,0,0,0
0,0,0,0,0,0,0,0,0,0,0,0,0,0,0
0,0,0,0,0,0,0,0,0,0,0,0,0,0,0
0,0,0,0,0,0,0,0,0,0,0,0,0,0,0
0,0,0,0,0,0,0,0,0,0,0,0,0,0,0
0,0,0,0,0,0,0,0,0,0,0,0,0,0,0
0,0,0,0,0,0,0,0,0,0,0,0,0,0,0
0,0,0,0,0,0,0,0,0,0,0,0,0,0,0
0,0,0,0,0,0,0,0,0,0,0,0,0,0,0
0,0,0,0,0,0,0,0,0,0,0,0,0,0,0
0,0,0,0,0,0,0,0,0,0,0,0,0,0,0
0,0,0,0,0,0,0,0,0,0,0,0,0,0,0
0,0,0,0,0,0,0,0,0,0,0,0,0,0,0
0,0,0,0,0,0,0,0,0,0,0,0,0,0,0
0,0,0,0,0,0,0,0,0,0,0,0,0,0,0
43,25,5,36,86,2,53,43,86,49,24,84,14,88,0
52,7,45,25,41,61,10,49,40,92,34,19,78,88,11
94,44,5,29,25,0,54,99,34,57,102,4,85,88,83
94,44,5,29,93,0,54,91,34,57,102,4,85,88,83
0,0,0,0,0,0,0,0,0,0,0,0,0,0,0
0,0,0,0,0,0,0,0,0,0,0,0,0,0,0
0,0,0,0,0,0,0,0,0,0,0,0,0,0,0
0,0,0,0,0,0,0,0,0,0,0,0,0,0,0
0,0,0,0,0,0,0,0,0,0,0,0,0,0,0
0,0,0,0,0,0,0,0,0,0,0,0,0,0,0
0,0,0,0,0,0,0,0,0,0,0,0,0,0,0
0,0,0,0,0,0,0,0,0,0,0,0,0,0,0
0,0,0,0,0,0,0,0,0,0,0,0,0,0,0
0,0,0,0,0,0,0,0,0,0,0,0,0,0,0
0,0,0,0,0,0,0,0,0,0,0,0,0,0,0
0,0,0,0,0,0,0,0,0,0,0,0,0,0,0
0,0,0,0,0,0,0,0,0,0,0,0,0,0,0
0,0,0,0,0,0,0,0,0,0,0,0,0,0,0
0,0,0,0,0,0,0,0,0,0,0,0,0,0,0
0,0,0,0,0,0,0,0,0,0,0,0,0,0,0
43,25,5,36,86,2,53,36,86,49,24,84,14,88,0
42,61,44,53,5,91,26,44,86,1,5,47,9,67,91
93,44,5,29,9,71,54,33,70,36,53,4,90,104,77
93,44,5,29,9,71,87,33,70,21,48,4,90,104,77
59,6,43,5,34,9,46,2,25,68,49,0,9,1,76
0,0,0,0,0,0,0,0,0,0,0,0,0,0,0
0,0,0,0,0,0,0,0,0,0,0,0,0,0,0
0,0,0,0,0,0,0,0,0,0,0,0,0,0,0
0,0,0,0,0,0,0,0,0,0,0,0,0,0,0
0,0,0,0,0,0,0,0,0,0,0,0,0,0,0
0,0,0,0,0,0,0,0,0,0,0,0,0,0,0
0,0,0,0,0,0,0,0,0,0,0,0,0,0,0
0,0,0,0,0,0,0,0,0,0,0,0,0,0,0
0,0,0,0,0,0,0,0,0,0,0,0,0,0,0
0,0,0,0,0,0,0,0,0,0,0,0,0,0,0
0,0,0,0,0,0,0,0,0,0,0,0,0,0,0
0,0,0,0,0,0,0,0,0,0,0,0,0,0,0
0,0,0,0,0,0,0,0,0,0,0,0,0,0,0
0,0,0,0,0,0,0,0,0,0,0,0,0,0,0
0,0,0,0,0,0,0,0,0,0,0,0,0,0,0
53,31,96,5,24,16,38,44,86,3,4,45,102,49,56
42,61,44,53,5,91,26,44,86,1,5,47,9,67,91
25,61,25,53,5,91,26,44,86,1,5,47,9,67,91
87,44,5,29,0,71,54,26,63,36,102,4,90,15,3
87,44,5,29,59,71,54,26,63,36,98,4,90,15,3
57,91,35,50,37,28,56,43,68,3,11,26,15,80,100
52,40,65,5,36,9,16,18,10,68,49,104,9,95,61
52,40,65,5,36,9,16,18,10,68,49,104,9,95,61
0,0,0,0,0,0,0,0,0,0,0,0,0,0,0
0,0,0,0,0,0,0,0,0,0,0,0,0,0,0
0,0,0,0,0,0,0,0,0,0,0,0,0,0,0
0,0,0,0,0,0,0,0,0,0,0,0,0,0,0
0,0,0,0,0,0,0,0,0,0,0,0,0,0,0
0,0,0,0,0,0,0,0,0,0,0,0,0,0,0
0,0,0,0,0,0,0,0,0,0,0,0,0,0,0
0,0,0,0,0,0,0,0,0,0,0,0,0,0,0
0,0,0,0,0,0,0,0,0,0,0,0,0,0,0
0,0,0,0,0,0,0,0,0,0,0,0,0,0,0
0,0,0,0,0,0,0,0,0,0,0,0,0,0,0
0,0,0,0,0,0,0,0,0,0,0,0,0,0,0
7,61,5,47,32,61,24,36,86,4,88,75,59,85,27
7,61,5,47,32,61,24,36,86,4,88,75,59,85,27
7,61,5,10,32,61,24,36,86,4,78,75,59,85,93
87,17,44,5,32,27,70,71,33,3,30,3,16,38,92
87,17,44,5,32,27,70,71,92,74,30,3,16,38,92
57,91,35,50,37,28,56,43,68,3,93,62,102,80,100
57,91,35,50,37,28,56,43,68,3,11,26,15,80,100
60,54,64,50,24,28,24,30,68,98,7,33,91,96,49
57,91,35,50,37,28,48,26,68,3,11,26,13,80,100
57,91,35,50,37,28,48,26,68,3,11,26,13,80,100
52,59,56,5,36,9,92,95,59,73,49,29,79,87,92
10,7,5,33,41,10,41,36,103,5,54,73,49,4,4
0,0,0,0,0,0,0,0,0,0,0,0,0,0,0
0,0,0,0,0,0,0,0,0,0,0,0,0,0,0
0,0,0,0,0,0,0,0,0,0,0,0,0,0,0
0,0,0,0,0,0,0,0,0,0,0,0,0,0,0
0,0,0,0,0,0,0,0,0,0,0,0,0,0,0
0,0,0,0,0,0,0,0,0,0,0,0,0,0,0
0,0,0,0,0,0,0,0,0,0,0,0,0,0,0
0,0,0,0,0,0,0,0,0,0,0,0,0,0,0
7,61,5,47,32,61,24,36,86,4,78,75,59,85,93
31,42,5,5,24,16,38,53,86,40,9,55,3,32,56
64,96,5,30,24,2,60,32,86,49,61,21,16,78,34
64,96,5,30,24,2,60,32,86,49,61,21,68,39,34
87,17,44,5,32,27,70,71,92,74,30,3,16,38,92
65,15,43,5,51,60,15,46,25,7,27,71,23,41,57
65,15,43,5,51,60,15,46,25,7,27,71,23,41,57
6,15,5,45,24,34,63,71,56,49,26,24,93,36,80
57,91,35,50,0,28,48,26,68,3,11,95,13,80,82
57,91,35,50,15,28,50,8,68,3,76,88,38,80,100
52,65,40,56,6,36,68,9,33,5,76,19,54,68,28
52,65,32,56,6,36,68,9,33,5,76,19,54,68,28
55,7,64,33,2,28,68,12,58,3,39,43,60,66,10
55,7,64,33,2,28,68,12,58,3,39,43,60,66,24
16,7,61,33,47,10,41,36,20,5,74,90,61,4,53
16,7,61,33,47,10,41,36,20,5,74,90,61,4,53
0,0,0,0,0,0,0,0,0,0,0,0,0,0,0
0,0,0,0,0,0,0,0,0,0,0,0,0,0,0
0,0,0,0,0,0,0,0,0,0,0,0,0,0,0
0,0,0,0,0,0,0,0,0,0,0,0,0,0,0
95,33,66,27,40,62,5,66,86,91,3,90,14,30,43
7,61,5,47,32,61,24,88,86,4,88,75,59,85,27
31,42,46,5,24,16,38,53,86,40,9,55,3,32,56
64,96,5,41,24,2,60,32,86,49,61,67,68,46,34
31,45,7,5,24,94,5,9,86,44,97,103,92,27,49
31,45,7,5,24,94,5,9,86,44,97,103,92,27,49
65,15,47,45,24,34,42,71,8,57,26,3,97,43,54
6,15,17,45,24,34,60,71,49,12,101,17,42,82,30
6,15,17,45,24,34,60,71,49,12,101,17,42,82,30
57,91,35,50,15,28,50,31,68,3,76,88,38,80,100
58,7,50,53,41,94,68,34,68,9,99,89,94,4,43
58,7,50,53,41,94,68,34,68,9,99,89,94,4,43
52,62,51,66,6,36,68,38,33,94,30,19,55,5,53
51,7,46,33,94,28,27,21,32,44,23,6,82,51,60
51,7,55,33,47,28,66,21,55,44,23,24,64,55,60
55,55,7,33,55,28,46,21,68,70,23,35,29,61,1
66,55,7,33,2,65,28,21,47,70,23,71,38,26,1
55,10,7,33,2,28,92,21,55,35,23,46,24,25,3
41,60,7,33,10,48,16,28,20,10,23,29,104,16,44
2,28,74,94,77,6,27,13,50,14,29,85,100,77,18
92,5,46,66,80,25,24,45,86,4,72,37,48,29,12
45,91,24,92,86,44,64,12,3,27,29,68,100,65,70
95,33,24,27,40,92,5,66,86,91,3,90,14,52,68
56,96,5,17,24,2,60,32,86,49,61,21,68,39,34
60,32,33,5,24,85,96,30,7,3,33,21,52,67,37
60,47,33,5,24,85,1,30,7,3,33,21,52,67,97
60,47,33,5,24,85,1,30,7,3,33,21,22,67,97
90,6,64,91,24,54,5,83,86,34,87,0,23,44,5
6,15,17,45,24,34,60,71,59,23,101,19,8,76,30
6,15,17,45,24,47,31,71,34,23,58,53,8,37,23
6,15,17,32,24,34,42,71,7,23,89,45,8,56,57
45,6,71,92,103,26,26,52,95,6,37,8,50,23,86
45,6,71,92,35,26,26,52,95,6,37,8,50,23,86
45,7,69,100,32,36,102,17,12,57,67,104,16,27,23
8,57,62,52,94,67,77,10,53,35,28,19,29,38,86
8,57,62,52,94,67,77,10,53,35,28,19,29,38,86
57,7,1,21,75,33,10,63,36,34,19,103,67,60,85
59,7,21,62,28,69,55,76,100,27,19,51,72,44,97
8,8,62,33,10,75,76,98,28,27,23,73,20,54,99
8,8,62,33,10,75,76,98,28,27,23,73,93,54,99
92,5,46,66,80,25,24,14,86,4,72,37,48,29,68
45,91,24,38,86,44,64,20,3,47,102,4,49,96,14
45,63,90,47,24,85,4,5,32,39,78,91,62,100,7
45,94,90,47,24,85,4,5,75,39,78,91,62,24,7
45,1,24,15,15,83,4,43,104,16,32,38,45,14,43
60,89,33,5,24,85,96,30,7,3,33,21,52,67,37
90,6,45,91,24,54,5,83,86,34,87,0,76,64,5
90,6,64,91,24,54,5,83,86,34,87,81,23,44,5
61,15,90,5,24,89,15,71,17,102,20,89,36,61,3
6,15,17,45,24,47,60,71,34,23,101,99,8,37,23
6,15,17,45,24,47,60,71,34,23,101,99,8,37,23
45,6,71,92,103,26,26,52,95,6,37,8,50,23,86
94,7,71,45,32,2,74,16,34,40,64,90,38,1,23
94,7,71,45,32,2,74,16,34,40,64,90,38,1,23
8,57,68,52,94,67,77,10,53,35,28,19,29,38,86
8,57,68,52,94,67,77,10,53,35,28,19,29,38,86
57,7,1,21,75,33,10,63,36,34,19,103,67,60,85
56,8,65,10,21,33,1,36,19,27,31,71,19,76,51
92,8,64,10,73,33,51,36,23,104,73,99,88,34,53
92,8,64,10,77,33,63,36,23,57,73,56,88,34,25
15,46,5,81,24,84,0,35,3,32,70,99,88,51,21
15,46,5,81,24,84,65,35,3,32,70,15,88,51,21
95,46,5,81,24,83,39,35,76,72,70,99,88,51,103
45,1,24,37,15,83,4,43,64,16,32,70,45,14,43
45,1,24,15,15,83,4,43,104,16,32,38,45,14,43
95,48,5,91,24,83,39,40,33,79,77,3,26,10,10
95,46,5,16,24,83,39,35,21,32,70,99,88,51,72
6,15,17,45,24,84,42,71,32,51,89,29,12,49,12
45,7,24,51,86,83,70,0,2,77,29,51,51,37,54
6,15,17,45,24,47,60,71,34,23,58,53,8,37,23
6,15,17,45,24,47,60,71,34,23,101,99,8,37,23
45,6,71,40,48,26,26,17,95,12,37,53,104,23,86
94,7,71,45,32,64,94,15,76,46,102,32,27,65,23
8,57,71,45,94,31,98,10,32,46,102,64,27,1,23
68,76,7,52,59,67,60,53,33,13,28,22,29,0,95
68,57,7,52,8,67,77,53,33,13,28,22,29,13,51
13,57,64,8,55,33,61,2,53,28,19,53,34,98,103
13,7,66,8,57,33,28,34,40,28,23,89,94,4,65
10,77,55,8,103,33,65,37,97,28,23,51,26,18,34
10,77,10,8,103,33,71,37,97,28,23,51,93,18,34
41,42,44,20,89,24,8,46,3,54,37,6,92,40,40
95,46,5,81,24,83,39,35,76,32,70,99,88,51,103
94,46,5,81,24,83,45,22,76,32,70,99,88,46,38
43,71,53,73,101,34,95,65,62,26,13,23,67,61,44
43,71,53,73,25,31,95,65,46,26,13,23,78,93,44
45,61,24,55,59,83,24,90,46,47,9,58,12,3,96
45,56,24,55,8,83,58,19,45,79,21,23,69,3,81
6,15,17,45,24,84,42,71,32,51,89,29,12,49,12
45,7,24,51,86,83,70,0,83,77,29,51,51,37,54
16,41,71,5,24,29,64,92,47,104,48,55,23,1,8
71,6,57,99,7,45,24,34,27,7,15,56,23,44,83
71,68,100,6,10,45,56,27,24,27,12,99,23,40,24
94,7,71,45,32,73,98,15,76,46,102,32,27,1,23
94,7,71,45,32,64,94,15,76,46,102,32,27,65,23
68,57,7,52,63,67,77,53,33,13,28,22,29,38,93
68,76,7,52,59,67,60,53,33,13,28,22,29,0,95
13,57,64,8,55,33,61,2,53,28,19,53,34,98,103
13,57,57,8,1,33,94,62,28,98,19,82,34,8,94
13,60,10,8,13,33,71,37,59,28,23,51,8,29,53
10,77,10,8,103,33,71,37,97,28,23,51,93,18,34
41,42,44,20,89,24,8,46,3,54,68,6,34,40,40
41,42,44,20,89,24,8,46,3,54,37,6,92,76,40
87,7,44,40,19,46,35,49,82,75,90,93,58,99,18
43,71,53,73,101,34,95,87,56,26,13,23,67,61,44
43,71,53,73,25,34,95,65,46,26,13,23,78,93,44
42,71,25,45,24,30,4,56,43,63,47,48,5,2,43
45,56,24,55,8,83,58,19,45,79,53,23,69,3,81
45,56,24,55,8,83,73,19,45,79,101,23,9,3,67
45,56,24,55,8,83,73,19,45,79,67,23,69,3,67
16,41,71,5,24,29,64,92,47,104,48,55,23,1,8
71,6,57,99,7,45,24,34,27,7,15,56,23,44,83
71,101,16,60,7,45,72,32,27,19,62,30,53,32,1
42,58,71,8,15,33,61,45,27,19,40,1,84,74,104
60,62,71,8,15,33,45,52,28,19,25,18,29,81,31
68,46,7,33,63,15,77,53,55,13,28,22,29,67,66
68,75,7,33,63,15,77,53,55,13,28,22,29,67,66
68,75,7,33,63,15,77,53,55,13,28,22,29,67,66
13,57,57,8,1,33,94,62,20,28,19,82,34,8,94
13,60,10,8,13,33,71,37,59,28,23,51,8,29,53
10,77,10,8,103,33,71,37,97,28,23,51,93,18,34
87,17,44,19,93,104,55,25,7,73,11,8,79,19,2
87,17,44,19,58,4,60,54,36,46,58,0,30,46,56
87,17,44,19,58,4,60,54,36,46,58,0,30,46,56
43,71,53,55,31,34,89,65,62,33,13,55,12,61,91
43,71,53,74,29,34,32,41,23,28,74,14,27,103,82
42,71,75,45,24,30,4,56,17,63,47,48,5,2,43
35,71,37,45,24,41,4,56,104,0,50,15,80,17,58
17,15,71,5,37,12,88,44,15,26,84,103,54,84,91
17,41,71,5,24,29,64,92,64,104,48,71,23,1,8
17,41,71,5,24,29,64,92,64,1,48,71,23,1,62
71,6,17,45,57,91,89,32,27,89,44,36,9,44,39
71,101,16,12,7,45,72,32,27,19,62,30,2,32,1
42,58,71,8,15,33,57,45,27,19,40,1,84,74,9
60,51,71,8,15,33,45,89,28,19,25,18,29,81,38
68,58,96,52,7,57,21,15,46,38,47,28,19,40,29
68,63,7,33,20,15,77,53,55,57,28,23,29,21,93
13,57,64,8,48,33,58,2,53,28,19,53,34,29,45
13,57,92,8,15,33,28,21,18,28,19,25,92,33,27
10,77,73,8,15,33,40,68,70,28,61,26,97,19,67
10,77,73,8,15,33,40,68,70,28,31,26,97,19,73
43,71,16,91,29,15,94,47,14,49,23,77,28,10,76
87,17,44,19,58,4,60,54,36,46,58,0,30,73,56
8,17,44,19,58,4,60,54,36,46,58,0,30,46,56
47,44,69,71,74,88,21,10,65,59,89,29,89,39,6
43,71,53,74,29,34,32,41,23,28,74,14,49,103,82
35,71,37,45,24,41,4,56,104,0,50,15,80,17,58
71,102,17,45,5,91,2,103,24,89,44,94,9,45,34
71,16,75,45,5,91,2,91,24,89,44,29,9,45,39
17,41,71,5,24,29,64,92,64,104,48,71,23,1,8
17,41,71,5,24,29,64,59,64,104,48,71,79,1,8
71,15,71,6,10,45,56,27,24,27,12,99,23,40,24
71,7,45,67,96,64,38,15,47,27,92,75,22,100,59
57,1,71,8,15,33,59,45,27,19,11,28,40,99,13
60,70,71,8,15,33,45,89,28,19,25,18,29,81,31
68,58,96,52,7,57,21,15,46,38,47,28,19,40,29
68,58,96,52,7,57,21,15,46,38,47,28,19,27,29
13,57,64,8,48,33,58,2,53,28,19,53,34,29,45
13,57,92,8,15,33,28,21,18,28,19,25,92,33,27
10,77,73,8,15,33,40,21,70,28,61,26,97,19,67
10,77,73,8,15,33,40,21,70,28,61,26,97,19,67
87,17,44,19,58,64,60,54,36,46,58,0,5,46,65
43,71,78,55,29,72,96,92,59,102,49,45,39,57,79
57,25,44,19,82,84,98,67,53,58,38,30,52,4,4
43,71,53,91,29,15,94,47,14,49,23,77,28,10,76
35,71,37,45,24,41,4,56,104,39,50,15,5,17,43
35,71,37,45,24,41,4,56,104,39,50,15,5,17,43
71,103,17,45,5,91,2,7,24,89,44,58,9,45,39
17,15,71,5,24,89,64,44,15,26,88,85,29,64,61
17,15,71,5,24,15,54,97,72,26,18,61,49,66,27
17,15,71,90,6,45,92,27,22,79,12,43,23,96,16
71,15,71,6,10,45,63,27,24,27,12,30,23,38,24
71,7,45,67,96,64,38,15,47,27,92,75,22,100,59
57,1,71,8,15,33,59,45,27,19,11,28,92,99,13
60,65,71,8,57,33,45,22,28,37,97,13,79,21,27
68,71,13,54,8,48,52,8,46,38,42,28,62,39,35
68,41,7,52,73,60,33,19,19,61,94,73,28,27,25
13,57,10,8,15,33,48,18,18,28,19,83,38,33,27
13,57,10,8,15,33,48,18,18,28,19,83,64,33,27
10,42,77,8,15,33,14,28,99,40,23,26,76,11,89
10,42,77,8,15,33,14,28,99,40,23,26,76,11,89
87,17,44,19,60,1,32,54,36,46,23,104,36,20,56
43,71,78,55,37,72,69,1,42,29,49,45,39,57,48
44,16,61,33,58,19,5,36,26,5,51,33,3,65,53
47,44,69,71,74,88,21,18,65,59,89,29,89,39,6
35,71,37,45,24,41,4,56,104,39,50,48,5,17,43
71,103,17,45,5,91,2,7,24,89,44,58,9,45,39
17,15,71,5,24,44,25,83,78,84,20,61,49,66,27
17,15,71,5,24,44,36,62,23,26,20,61,81,66,27
17,15,71,5,24,15,54,97,72,26,18,61,49,66,27
17,15,71,90,6,45,92,27,22,79,12,43,23,96,16
71,15,71,6,10,45,63,27,24,27,12,30,23,38,24
71,101,14,93,7,45,99,32,27,19,9,51,46,46,91
71,101,14,93,7,45,99,32,27,19,9,51,46,46,91
60,65,71,8,57,33,45,22,28,37,97,13,79,21,27
60,65,71,8,57,33,45,22,28,37,8,61,79,21,27
68,41,7,52,73,60,33,19,19,61,94,73,28,27,25
13,46,40,8,100,33,23,74,81,28,19,51,34,25,63
13,76,76,8,94,33,94,67,23,28,55,57,34,2,61
13,76,76,8,64,33,94,67,23,28,55,57,34,81,61
92,7,10,75,33,10,23,98,28,27,44,86,90,69,15
87,17,44,19,59,100,29,18,35,52,34,93,79,6,88
43,71,78,55,37,72,69,1,42,29,49,45,39,57,48
92,43,97,71,65,22,68,70,25,20,69,59,71,41,29
92,43,71,71,65,40,99,63,103,89,85,91,78,41,29
71,3,74,75,49,91,42,100,37,77,53,60,65,47,36
71,103,17,45,5,91,2,7,24,89,44,58,9,45,39
17,15,71,5,24,44,25,83,23,84,20,61,49,66,27
17,15,71,5,24,44,25,62,23,26,99,61,49,66,27
17,15,71,5,24,44,25,62,23,26,20,61,49,66,27
17,15,71,14,6,45,92,27,4,79,13,20,23,79,16
71,6,17,45,18,91,89,32,27,89,7,36,9,44,39
71,101,14,93,7,45,99,32,27,19,9,51,46,46,91
71,101,14,93,7,45,99,32,27,19,9,51,46,46,91
42,58,71,8,15,33,22,45,27,26,14,85,84,31,61
68,70,7,52,73,60,33,19,72,61,87,73,28,27,47
68,70,7,52,73,60,33,19,33,61,87,73,28,27,47
13,21,57,8,23,33,71,11,81,28,97,5,34,14,77
13,21,57,8,23,33,71,11,66,28,57,103,34,14,65
13,100,76,8,94,33,23,99,23,28,81,57,34,28,61
75,7,13,75,33,93,23,98,28,27,6,68,75,52,15
87,17,44,19,59,100,29,18,35,52,34,93,79,6,88
46,17,44,19,59,33,24,86,33,12,28,38,84,27,98
57,17,44,19,59,44,45,86,33,23,40,38,94,27,74
31,69,10,19,9,17,18,103,35,59,26,28,67,24,9
31,69,10,19,9,17,55,90,35,59,26,28,67,24,9
71,103,17,45,5,91,2,7,24,89,44,58,9,45,39
17,15,71,5,38,63,60,96,23,87,100,61,9,35,27
17,15,71,5,54,44,25,62,23,26,99,61,49,66,27
17,15,71,5,38,41,60,62,23,100,18,16,89,76,27
17,15,71,55,6,45,19,27,2,95,46,59,60,13,43
71,15,71,6,41,45,19,27,24,27,12,101,23,40,24
71,7,45,41,22,104,15,31,100,16,27,76,84,104,22
57,1,71,8,15,33,76,45,42,19,46,66,84,27,67
68,70,7,52,46,101,100,19,35,48,27,95,71,27,19
68,70,7,52,21,60,61,19,33,61,87,73,28,27,65
68,70,7,52,73,60,33,19,33,61,87,73,28,27,47
13,21,57,8,23,33,71,11,66,28,2,5,34,14,77
13,21,57,8,23,33,71,11,66,28,57,103,34,14,65
13,100,76,8,23,33,95,69,66,28,91,57,34,84,10
13,101,21,2,23,33,22,11,20,28,57,90,34,56,76
69,101,0,50,52,28,80,43,0,12,38,94,0,80,100
10,21,69,23,24,6,74,9,10,68,80,30,49,93,12
75,21,69,23,24,6,74,9,10,68,80,30,49,93,12
70,67,101,19,9,38,96,96,101,25,26,5,23,60,10
31,69,10,19,9,17,2,90,35,59,26,28,67,24,9
70,67,101,19,9,38,96,62,101,25,26,5,23,60,10
70,67,101,19,9,38,96,62,101,104,26,5,23,60,10
48,71,65,19,16,94,5,80,43,92,38,95,29,67,27
17,91,71,19,67,42,5,22,24,52,101,1,29,45,72
17,15,71,55,6,45,19,27,20,95,46,91,60,59,43
71,15,71,6,41,45,19,27,24,27,12,101,23,40,24
71,7,45,41,22,104,15,87,100,16,27,48,95,104,87
71,7,45,94,22,66,15,31,100,16,27,76,84,104,60
68,70,7,52,46,101,100,19,61,48,27,95,71,27,86
68,70,7,52,73,60,92,19,33,61,65,73,28,27,47
68,70,7,52,73,60,92,19,33,61,65,73,28,27,47
68,70,7,52,69,15,22,19,33,59,87,73,28,27,32
13,71,21,8,23,33,71,99,20,28,57,90,34,43,55
13,71,21,8,23,33,71,99,20,28,57,90,34,43,55
13,71,21,2,23,33,22,11,91,28,57,73,34,43,76