0,0,0,0,0,0,0,0,0,0,0,0,0,0,0
0,0,0,0,0,0,0,0,0,0,0,0,0,0,0
0,0,0,0,0,0,0,0,0,0,0,0,0,0,0
0,0,0,0,0,0,0,0,0,0,0,0,0,0,0
0,0,0,0,0,0,0,0,0,0,0,0,0,0,0
49,44,17,54,6,28,0,60,0,92,104,19,2,13,97
49,50,92,54,0,36,0,60,0,0,93,92,67,0,97
0,0,0,0,0,0,0,0,0,0,0,0,0,0,0
0,0,0,0,0,0,0,0,0,0,0,0,0,0,0
0,0,0,0,0,0,0,0,0,0,0,0,0,0,0
0,0,0,0,0,0,0,0,0,0,0,0,0,0,0
0,0,0,0,0,0,0,0,0,0,0,0,0,0,0
0,0,0,0,0,0,0,0,0,0,0,0,0,0,0
0,0,0,0,0,0,0,0,0,0,0,0,0,0,0
0,0,0,0,0,0,0,0,0,0,0,0,0,0,0
0,0,0,0,0,0,0,0,0,0,0,0,0,0,0
0,0,0,0,0,0,0,0,0,0,0,0,0,0,0
0,0,0,0,0,0,0,0,0,0,0,0,0,0,0
0,0,0,0,0,0,0,0,0,0,0,0,0,0,0
0,0,0,0,0,0,0,0,0,0,0,0,0,0,0
0,0,0,0,0,0,0,0,0,0,0,0,0,0,0
0,0,0,0,0,0,0,0,0,0,0,0,0,0,0
0,0,0,0,0,0,0,0,0,0,0,0,0,0,0
0,0,0,0,0,0,0,0,0,0,0,0,0,0,0
0,0,0,0,0,0,0,0,0,0,0,0,0,0,0
8,50,65,26,0,24,30,60,0,2,36,59,49,74,55
49,50,13,34,0,36,8,93,86,30,69,0,33,87,30
49,50,92,32,0,19,100,60,50,99,93,52,56,100,72
0,0,0,0,0,0,0,0,0,0,0,0,0,0,0
0,0,0,0,0,0,0,0,0,0,0,0,0,0,0
0,0,0,0,0,0,0,0,0,0,0,0,0,0,0
0,0,0,0,0,0,0,0,0,0,0,0,0,0,0
0,0,0,0,0,0,0,0,0,0,0,0,0,0,0
0,0,0,0,0,0,0,0,0,0,0,0,0,0,0
0,0,0,0,0,0,0,0,0,0,0,0,0,0,0
0,0,0,0,0,0,0,0,0,0,0,0,0,0,0
0,0,0,0,0,0,0,0,0,0,0,0,0,0,0
0,0,0,0,0,0,0,0,0,0,0,0,0,0,0
0,0,0,0,0,0,0,0,0,0,0,0,0,0,0
0,0,0,0,0,0,0,0,0,0,0,0,0,0,0
0,0,0,0,0,0,0,0,0,0,0,0,0,0,0
0,0,0,0,0,0,0,0,0,0,0,0,0,0,0
0,0,0,0,0,0,0,0,0,0,0,0,0,0,0
0,0,0,0,0,0,0,0,0,0,0,0,0,0,0
33,50,43,0,83,19,9,73,66,40,77,34,61,0,100
58,44,17,28,6,28,3,66,60,92,10,19,2,13,49
49,23,69,10,29,35,103,102,51,28,60,27,56,61,72
49,71,92,32,23,19,29,60,50,37,23,52,56,38,72
58,44,5,35,55,28,0,102,64,104,0,77,0,0,49
58,44,5,0,5,28,0,102,64,104,0,33,0,0,49
0,0,0,0,0,0,0,0,0,0,0,0,0,0,0
0,0,0,0,0,0,0,0,0,0,0,0,0,0,0
0,0,0,0,0,0,0,0,0,0,0,0,0,0,0
0,0,0,0,0,0,0,0,0,0,0,0,0,0,0
0,0,0,0,0,0,0,0,0,0,0,0,0,0,0
0,0,0,0,0,0,0,0,0,0,0,0,0,0,0
0,0,0,0,0,0,0,0,0,0,0,0,0,0,0
0,0,0,0,0,0,0,0,0,0,0,0,0,0,0
0,0,0,0,0,0,0,0,0,0,0,0,0,0,0
0,0,0,0,0,0,0,0,0,0,0,0,0,0,0
0,0,0,0,0,0,0,0,0,0,0,0,0,0,0
0,0,0,0,0,0,0,0,0,0,0,0,0,0,0
0,0,0,0,0,0,0,0,0,0,0,0,0,0,0
0,0,0,0,0,0,0,0,0,0,0,0,0,0,0
50,31,36,50,57,91,57,10,60,1,17,29,49,22,9
1,50,50,24,7,61,44,54,39,93,54,15,45,29,13
43,50,86,34,9,55,67,57,7,8,6,4,21,25,85
5,43,44,102,61,92,3,90,35,4,58,103,46,68,69
43,50,55,34,9,55,67,57,7,70,6,4,21,25,40
43,50,55,34,9,55,67,57,7,70,6,4,21,25,40
0,0,0,0,0,0,0,0,0,0,0,0,0,0,0
0,0,0,0,0,0,0,0,0,0,0,0,0,0,0
0,0,0,0,0,0,0,0,0,0,0,0,0,0,0
0,0,0,0,0,0,0,0,0,0,0,0,0,0,0
0,0,0,0,0,0,0,0,0,0,0,0,0,0,0
0,0,0,0,0,0,0,0,0,0,0,0,0,0,0
0,0,0,0,0,0,0,0,0,0,0,0,0,0,0
0,0,0,0,0,0,0,0,0,0,0,0,0,0,0
0,0,0,0,0,0,0,0,0,0,0,0,0,0,0
0,0,0,0,0,0,0,0,0,0,0,0,0,0,0
0,0,0,0,0,0,0,0,0,0,0,0,0,0,0
0,0,0,0,0,0,0,0,0,0,0,0,0,0,0
0,0,0,0,0,0,0,0,0,0,0,0,0,0,0
1,50,17,32,30,26,3,24,60,93,51,43,2,13,25
41,50,43,17,33,34,63,34,62,0,77,97,66,69,94
41,50,43,26,33,77,63,34,20,0,69,97,86,69,94
41,50,43,26,33,77,63,34,3,0,70,97,86,69,94
41,50,43,26,33,48,63,34,20,0,69,97,86,69,94
43,50,55,34,9,55,67,57,7,8,6,4,21,25,40
43,50,55,34,41,25,67,71,57,70,6,4,21,25,45
43,50,55,36,67,77,0,0,96,36,6,4,21,44,67
5,29,7,9,13,90,3,102,29,104,67,65,10,48,48
0,0,0,0,0,0,0,0,0,0,0,0,0,0,0
58,50,5,26,33,50,1,100,28,52,3,17,73,97,83
58,45,50,0,0,28,0,102,60,0,0,74,0,77,49
0,0,0,0,0,0,0,0,0,0,0,0,0,0,0
0,0,0,0,0,0,0,0,0,0,0,0,0,0,0
0,0,0,0,0,0,0,0,0,0,0,0,0,0,0
0,0,0,0,0,0,0,0,0,0,0,0,0,0,0
0,0,0,0,0,0,0,0,0,0,0,0,0,0,0
0,0,0,0,0,0,0,0,0,0,0,0,0,0,0
0,0,0,0,0,0,0,0,0,0,0,0,0,0,0
50,0,24,36,57,50,86,27,3,81,17,41,29,77,55
1,50,17,24,24,26,44,54,39,93,54,15,40,29,33
17,50,26,35,24,26,44,54,62,93,92,74,40,29,26
41,50,43,26,33,74,1,34,28,0,55,54,86,78,94
41,50,43,8,33,74,1,34,28,0,55,97,86,78,94
58,50,5,26,33,74,1,46,28,6,3,54,73,25,90
58,8,50,42,0,28,7,1,12,57,92,53,0,26,49
41,50,56,26,24,0,0,27,20,0,0,95,37,69,4
50,24,6,34,68,3,45,26,29,66,17,66,78,23,50
50,24,6,34,68,3,45,26,29,66,17,66,72,23,50
64,50,36,36,67,92,18,0,101,36,33,4,41,20,0
35,8,5,36,67,7,93,25,101,72,26,40,30,49,96
5,26,0,52,53,52,93,66,46,54,70,102,10,62,92
5,26,0,52,53,52,93,66,46,54,70,102,46,62,92
5,26,0,29,0,26,30,37,0,26,0,0,103,77,12
5,26,0,38,0,45,30,37,0,26,0,0,103,77,40
35,8,6,36,103,52,71,52,34,66,104,40,10,18,51
0,0,0,0,0,0,0,0,0,0,0,0,0,0,0
50,88,42,40,92,36,86,53,87,2,36,17,75,1,82
50,88,42,14,92,27,86,53,87,60,59,17,73,1,82
50,78,5,91,66,27,86,74,3,75,26,77,73,81,99
50,78,5,26,24,27,86,74,3,75,69,77,16,81,4
55,50,17,32,30,26,72,102,68,5,64,43,7,3,82
55,50,17,32,30,26,72,102,68,5,64,43,7,65,82
41,50,7,26,33,77,19,94,39,0,23,94,33,37,34
62,50,56,26,24,77,63,27,20,0,69,97,16,69,4
58,8,50,42,0,28,7,1,12,57,92,53,0,26,49
41,50,56,26,24,0,0,27,20,0,0,95,37,69,4
50,31,36,29,51,91,68,10,60,1,17,28,49,93,9
50,31,36,2,51,91,68,10,13,1,17,91,49,93,29
50,32,65,31,68,26,49,44,16,43,55,59,49,22,26
50,32,65,31,67,26,4,34,28,25,55,94,49,79,26
35,8,45,36,67,39,24,4,98,14,100,13,49,87,19
35,8,45,36,67,39,24,4,98,33,36,13,49,87,19
35,8,48,36,67,40,91,28,101,72,3,40,10,49,18
35,8,48,36,67,40,91,28,101,72,3,40,10,49,18
58,94,7,28,21,34,59,18,12,0,35,54,41,53,94
1,8,7,36,103,52,71,94,17,66,104,40,70,18,51
50,88,42,40,92,27,86,53,87,2,36,17,73,1,82
50,78,48,91,96,27,86,74,68,19,26,39,73,81,99
50,78,48,91,96,27,86,74,43,19,26,39,73,81,99
50,88,42,40,92,27,81,53,31,2,36,17,73,1,55
35,50,17,32,30,26,72,102,68,79,5,43,62,83,50
55,50,17,32,30,26,72,102,68,98,64,43,7,65,82
25,50,15,26,16,75,102,19,47,86,63,0,83,90,36
41,50,38,26,33,74,1,81,39,0,23,49,86,37,94
9,50,25,50,76,60,26,19,47,86,72,0,83,86,96
58,45,50,0,12,27,0,102,60,0,0,74,0,77,49
50,31,41,72,68,56,6,29,30,23,5,82,77,52,81
50,31,15,40,68,0,97,29,32,22,26,82,13,9,69
1,50,32,59,68,26,65,8,50,104,58,19,63,40,78
50,8,56,58,67,72,36,59,98,28,51,27,47,48,4
50,8,56,58,67,57,36,59,98,28,63,27,47,48,4
35,8,45,36,67,39,24,4,98,14,36,13,49,87,19
35,8,45,36,67,91,23,80,40,26,97,44,55,103,9
35,8,45,36,67,91,23,80,40,26,97,44,55,103,9
58,94,7,28,21,33,29,22,38,98,35,24,68,0,94
58,94,7,28,21,33,29,22,0,0,35,24,68,53,94
33,51,29,79,83,28,31,73,66,50,0,87,76,22,0
9,51,29,85,24,73,102,90,28,65,19,52,47,4,104
17,50,53,35,24,40,86,58,94,93,36,74,5,16,26
81,1,53,17,33,50,38,26,79,0,90,72,50,85,83
73,68,24,52,57,53,91,13,98,66,99,29,77,97,39
75,21,24,65,57,53,25,50,46,63,91,97,60,27,39
75,40,24,98,90,53,25,50,31,63,17,57,26,29,39
24,7,24,50,41,38,73,20,48,26,103,14,103,31,19
9,50,75,40,24,27,20,19,0,96,91,44,88,7,91
50,63,72,32,27,50,104,28,29,22,97,82,48,56,27
75,60,24,98,57,53,25,50,46,63,91,97,60,27,39
51,73,93,54,90,73,76,50,28,62,35,19,55,0,90
58,50,68,26,65,25,12,17,20,12,52,0,26,13,19
58,50,68,26,65,25,65,17,20,12,52,0,22,13,15
67,50,53,28,57,53,56,95,16,20,56,95,45,97,39
67,50,53,28,50,43,51,16,16,20,46,95,45,34,96
58,52,10,32,65,75,12,20,20,26,69,94,55,36,19
8,58,45,61,67,55,38,21,55,28,23,94,101,27,7
8,58,7,61,61,55,35,21,28,28,23,37,67,27,55
8,58,7,61,61,55,35,21,28,28,23,37,67,27,55
33,51,29,79,83,28,60,73,66,50,0,69,76,22,0
81,51,29,85,50,73,29,66,28,95,19,67,46,62,8
50,88,42,40,92,41,86,53,51,2,60,17,81,27,24
75,40,24,52,54,39,23,44,9,2,0,10,46,36,50
75,20,24,52,16,91,36,39,75,0,39,39,46,25,74
75,20,24,52,36,53,40,50,16,97,27,39,31,25,64
75,20,24,52,16,53,40,50,16,0,27,39,31,25,95
75,94,24,98,57,53,68,50,11,63,17,57,60,27,39
75,40,63,12,24,53,76,50,11,60,27,19,55,1,28
75,52,24,98,57,53,25,50,46,63,104,57,60,27,39
51,73,50,77,24,70,55,104,70,99,29,19,47,27,60
75,62,53,35,50,26,19,19,19,49,20,83,88,84,89
77,8,53,52,50,26,15,81,5,104,13,36,88,58,85
67,50,26,0,0,69,0,0,62,0,23,0,0,95,0
67,50,7,26,15,77,19,94,28,86,94,19,33,37,34
67,50,7,35,101,35,63,16,94,28,23,27,4,91,24
67,103,7,35,101,52,77,53,16,28,23,27,37,43,101
8,58,45,61,67,55,38,21,55,28,23,92,101,27,7
58,8,7,65,67,33,16,1,98,28,23,29,68,18,37
58,58,7,65,67,33,16,1,98,28,23,29,68,18,37
17,94,93,52,0,47,29,81,34,29,23,57,64,33,90
81,52,53,17,48,50,38,86,43,0,17,52,63,66,34
1,50,17,81,85,39,4,39,75,2,54,11,60,27,103
73,68,24,52,57,53,91,13,98,66,99,51,60,97,39
73,71,24,30,31,53,91,50,48,73,93,10,12,26,39
75,40,24,98,90,53,25,50,11,18,17,57,60,55,39
75,20,24,52,16,53,40,50,16,0,27,39,31,25,95
75,20,24,52,16,53,96,50,11,0,27,39,55,25,95
75,98,63,76,24,21,76,50,11,32,6,19,97,6,21
17,73,50,34,19,75,85,25,11,4,60,77,52,8,25
75,69,75,52,24,53,55,50,10,0,27,39,55,59,72
72,50,69,26,16,75,41,19,47,86,91,0,60,9,36
75,8,53,52,50,26,19,73,9,104,13,36,88,21,85
68,20,52,72,12,50,26,69,0,22,64,99,49,77,92
67,50,69,7,29,93,19,60,25,99,104,8,1,37,51
67,50,7,35,101,35,20,40,94,28,23,27,4,91,24
67,103,7,35,100,52,77,53,16,28,23,27,37,43,101
67,103,7,35,100,52,77,20,16,28,23,27,37,43,101
67,59,7,35,101,35,103,40,51,28,23,27,4,6,10
67,16,7,7,56,55,38,55,10,28,23,43,67,27,55
17,94,93,52,0,47,29,81,34,29,60,57,64,33,74
81,53,53,17,48,50,38,86,62,0,17,78,63,66,30
81,52,53,17,48,50,38,86,62,0,46,40,68,66,34
75,69,24,35,101,102,16,53,57,30,64,57,39,43,10
73,71,24,30,31,91,91,50,48,73,75,10,60,33,39
73,71,24,93,57,53,91,50,1,73,31,86,60,97,39
75,73,69,76,24,33,76,50,11,32,44,16,47,27,79
75,20,24,52,16,53,96,50,11,0,27,39,55,25,95
75,40,63,70,24,53,76,50,11,63,27,19,55,1,28
75,40,63,70,24,53,76,50,11,63,27,19,55,1,28
75,69,75,52,24,53,96,50,10,0,27,39,55,59,72
75,20,50,62,92,98,26,56,70,99,25,19,85,44,13
67,50,7,7,15,60,26,19,28,86,94,19,3,18,45
68,20,52,72,101,50,26,69,0,22,64,99,49,77,92
67,20,71,59,16,50,65,8,29,0,58,19,63,25,47
67,70,7,35,52,50,65,95,28,19,18,86,81,47,91
67,71,7,7,101,20,71,59,54,28,23,34,79,27,36
67,71,7,35,101,52,71,63,57,28,23,94,39,18,87
67,59,7,35,101,35,103,40,51,28,23,27,4,91,90
67,16,7,7,56,55,38,55,100,28,23,43,67,27,55
54,86,70,102,67,52,29,7,54,46,98,43,3,44,21
75,71,24,60,10,39,77,94,25,25,23,14,77,55,4
75,20,24,11,39,53,35,44,16,2,27,68,55,25,95
77,71,24,52,32,39,29,81,34,37,23,49,100,37,17
75,20,24,50,10,39,3,18,65,0,16,14,77,65,81
73,71,24,93,57,53,91,50,1,15,31,86,60,97,39
75,73,69,76,24,7,42,50,11,32,44,97,47,27,79
75,71,24,24,17,53,50,97,20,51,24,11,25,26,45
73,71,63,70,24,53,91,17,11,73,27,19,15,97,14
75,71,53,50,15,26,45,94,71,48,23,14,77,55,4
75,69,75,52,72,53,96,50,10,0,27,39,55,59,72
73,69,75,52,99,53,96,50,10,66,27,75,73,22,72
67,20,25,50,15,56,26,2,74,88,59,19,86,27,77
67,20,25,50,15,56,26,2,11,99,59,19,86,27,98
67,20,74,50,0,0,29,0,89,104,9,19,13,0,35
67,59,7,35,15,50,71,57,28,46,94,19,3,83,57
67,61,6,35,15,52,71,63,72,28,23,34,39,76,87
67,61,6,35,15,52,71,63,72,28,23,34,39,46,87
67,71,7,7,101,68,35,104,51,28,23,94,20,27,34
67,70,7,7,101,55,103,40,41,28,23,94,67,27,90
54,86,70,52,0,47,29,81,54,29,23,57,3,0,90
75,71,24,60,10,39,45,94,25,25,23,14,77,55,4
77,97,24,96,23,39,19,69,50,12,72,94,57,27,50
77,71,24,52,94,39,45,64,94,82,42,27,62,37,51
75,20,24,52,50,41,13,39,75,0,17,45,28,90,74
73,71,24,93,57,53,91,50,1,73,31,86,60,97,39
73,71,24,60,57,53,91,50,60,73,31,85,60,97,39
51,73,69,96,24,73,76,50,11,32,6,19,100,27,34
51,73,69,96,24,73,76,50,11,32,6,19,100,46,34
75,71,53,50,15,26,50,19,31,48,70,42,103,12,19
75,20,63,52,24,53,96,50,11,37,27,39,55,45,28
75,20,69,52,24,53,96,50,11,31,27,19,1,45,28
67,20,25,50,15,56,26,2,11,99,59,19,86,27,98
67,71,97,103,45,66,48,33,50,60,26,39,19,54,55
67,102,2,35,15,50,65,57,27,19,18,70,52,18,51
67,59,7,35,15,50,71,57,28,46,94,19,3,83,57
67,46,7,35,15,52,45,47,101,28,25,86,39,2,20
67,61,7,35,15,52,71,63,72,28,23,34,39,18,87
67,59,7,35,103,15,62,59,46,28,23,70,39,36,44
67,8,48,35,67,57,71,95,101,28,23,3,78,18,18
17,94,53,90,7,41,86,56,94,34,22,90,5,16,26
17,94,93,52,0,75,73,0,65,62,103,59,55,0,90
73,41,24,24,23,39,19,18,55,98,104,34,78,58,81
73,71,24,98,57,53,82,95,98,66,66,97,68,97,39
73,71,24,87,57,53,52,50,98,66,13,13,68,38,39
73,71,24,55,67,10,70,50,98,66,17,75,60,56,39
75,73,69,76,24,73,42,50,11,32,44,19,1,27,60
75,73,69,76,24,73,76,50,11,32,6,19,47,27,60
75,71,50,53,92,53,57,17,70,26,62,76,81,61,19
75,71,50,68,92,63,63,17,70,26,25,90,85,73,27
20,50,17,34,12,25,27,93,86,30,69,94,33,87,30
68,71,50,48,15,27,57,17,38,65,46,101,68,73,19
67,20,25,50,15,46,26,2,11,99,59,19,86,27,98
67,71,97,103,45,66,48,33,50,60,26,39,19,54,55
67,71,97,103,45,66,48,33,50,60,26,39,19,54,55
67,70,7,35,15,50,71,57,28,46,94,19,3,35,45
67,71,7,103,45,52,48,94,25,28,26,94,19,27,55
67,16,7,48,56,53,38,17,70,28,23,43,78,73,55
67,71,74,7,41,15,35,40,51,28,23,94,20,27,90
67,8,48,35,67,57,71,95,101,28,23,3,78,18,18
17,94,53,90,7,40,86,58,94,52,36,90,5,16,26
75,20,24,12,19,39,39,10,98,44,99,5,103,26,64
75,20,24,76,19,39,76,10,11,44,99,16,47,11,79
77,71,24,52,23,39,29,81,94,37,23,49,64,1,22
73,71,24,98,57,53,82,50,98,66,66,13,68,97,39
73,71,24,98,67,53,70,50,98,66,17,75,42,22,39
75,73,69,76,24,73,70,50,11,19,44,19,47,64,36
51,73,69,99,24,73,76,50,11,59,35,19,47,27,60
75,71,50,68,92,98,63,17,70,26,25,90,85,73,13
75,40,97,70,72,53,76,50,11,13,27,19,55,57,28
20,50,17,34,12,25,27,93,86,30,69,94,33,87,30
20,14,63,72,101,50,65,69,0,28,62,19,49,32,90
67,20,25,50,15,60,21,30,11,99,100,19,86,27,96
67,20,50,40,15,55,92,42,28,69,33,84,85,8,33
67,20,7,40,15,50,90,57,28,69,33,84,91,14,103
67,70,7,35,15,50,71,57,28,46,94,19,3,18,45
67,71,7,103,45,52,48,40,25,28,25,94,19,27,55
67,71,74,7,101,15,35,40,51,28,23,94,20,27,90
67,71,74,7,101,15,35,40,51,28,23,94,20,27,90
67,16,7,48,56,40,38,17,70,28,23,43,78,73,55
51,85,69,52,23,39,72,50,11,37,23,19,64,73,22
77,20,24,96,23,39,19,18,102,12,104,42,78,37,50
77,20,24,96,23,39,19,18,89,12,104,42,78,37,50
74,69,24,22,103,52,14,81,83,85,23,46,61,78,39
75,20,24,52,23,53,96,50,70,37,23,39,60,37,10
75,20,24,52,23,53,96,50,34,37,23,39,64,37,26
73,71,24,58,99,53,70,50,98,66,17,75,73,22,27
75,73,69,76,24,73,76,50,11,19,60,19,40,45,36
75,71,50,48,92,53,57,17,70,26,62,76,81,73,19
73,71,42,93,18,77,91,50,38,27,23,6,8,67,39
12,97,69,7,18,77,61,69,50,46,72,94,57,27,3
20,14,63,72,101,50,65,69,0,28,62,19,49,32,90
12,71,69,2,18,77,24,96,50,95,72,18,8,27,3
73,71,69,2,18,73,24,104,50,21,18,11,60,27,86
74,61,7,35,15,52,24,19,50,7,34,103,27,18,20
74,61,7,17,15,58,24,19,50,7,34,67,58,18,20
67,57,7,35,62,52,19,18,57,28,104,71,95,3,0
67,61,7,35,15,52,102,22,22,28,23,34,39,18,87
67,61,7,35,15,52,102,22,22,28,23,34,39,18,87
67,95,7,56,33,23,69,19,88,28,78,62,73,27,26
17,95,53,35,0,0,24,81,62,92,23,74,32,39,26
72,20,85,24,39,35,35,44,16,2,58,68,55,21,102
75,20,24,24,23,39,19,18,55,98,39,34,46,25,81
77,71,24,52,23,39,29,81,34,37,23,49,82,38,17
77,71,24,52,23,39,29,81,34,37,23,49,64,37,17
75,20,24,52,23,53,96,50,34,37,23,39,64,37,26
75,71,24,50,22,26,85,39,75,42,24,11,49,27,103
73,20,24,12,57,53,91,22,98,44,99,5,103,26,39
75,71,50,60,22,25,101,97,25,30,63,94,33,27,82
73,71,69,93,18,77,91,50,1,27,31,6,8,67,39
12,71,17,2,18,77,38,37,89,95,50,18,93,27,3
73,71,69,2,18,73,91,50,50,21,18,6,60,27,39
73,71,69,2,18,73,24,104,50,102,18,11,60,27,103
73,71,69,2,18,73,24,104,50,102,18,11,60,27,86
67,20,13,35,15,50,92,14,28,35,23,34,85,55,0
67,20,13,35,15,50,92,14,28,38,79,34,85,55,63
67,56,7,35,62,52,19,18,57,59,85,26,101,3,20
67,40,7,35,15,52,71,22,22,28,23,34,67,18,87
67,16,7,7,23,55,38,55,10,28,23,43,67,27,55
67,16,57,7,23,55,38,55,10,28,23,101,67,27,55
72,20,85,24,39,35,4,44,16,2,103,68,55,21,60
72,20,85,24,39,50,40,44,0,70,50,19,55,32,60
75,33,23,24,75,39,89,44,25,14,4,17,3,62,5
75,33,23,24,75,39,89,44,25,14,4,52,3,62,5
73,71,85,24,54,39,29,81,34,51,4,11,25,68,17
75,33,23,24,50,39,18,29,25,14,64,17,3,62,33
75,33,23,24,67,25,18,50,25,14,17,36,3,56,33
75,33,23,24,50,25,18,29,25,14,21,17,3,62,33
75,71,50,60,22,25,101,97,25,86,63,94,33,27,82
75,71,50,101,22,25,101,55,25,30,63,94,33,27,82
75,20,50,68,15,98,63,2,90,99,25,19,85,27,96
92,20,7,50,53,52,19,2,51,28,69,19,4,91,90
67,20,25,50,15,60,21,2,11,99,72,19,86,27,96
73,100,69,2,18,78,24,68,50,102,80,1,19,27,93
74,17,7,52,58,68,7,19,24,99,50,46,26,76,81
74,17,7,35,58,68,96,19,24,52,50,89,26,68,77
67,71,7,7,103,52,19,94,25,28,104,94,33,27,51
67,71,7,35,41,52,19,94,25,28,104,27,37,74,51
67,16,7,7,23,55,38,99,10,28,23,43,67,27,55
67,16,7,7,23,55,38,55,10,28,23,101,67,27,55
17,86,53,50,51,40,86,58,94,76,36,57,5,34,82
74,20,85,24,39,52,14,81,44,2,58,46,55,21,48
75,103,23,24,75,39,89,44,25,14,51,17,3,18,5
12,74,23,24,39,75,75,25,80,4,60,99,52,54,39
75,96,23,24,53,39,98,93,52,78,33,63,10,13,19
73,20,23,24,24,73,76,50,11,36,44,34,47,62,90
73,94,69,11,92,22,24,82,50,55,7,97,6,27,72
75,40,97,22,38,53,100,50,11,63,27,70,55,1,28
74,12,74,22,58,84,14,10,95,77,50,104,52,0,27
74,69,69,22,58,25,68,10,50,99,14,52,19,78,27
73,73,69,93,18,22,23,50,1,99,7,7,62,27,72
67,71,69,22,23,25,73,55,50,99,50,52,19,27,36
67,71,17,7,23,55,38,55,89,95,50,18,93,27,36
73,100,69,2,18,19,24,104,50,102,80,96,19,27,55
73,100,69,2,18,19,24,104,50,102,80,96,19,27,48
68,19,52,41,62,27,88,21,28,73,64,37,68,45,55
67,71,7,7,103,52,19,94,25,28,104,94,33,27,51
67,71,7,7,103,52,19,94,25,28,104,94,33,27,51
67,71,7,7,23,55,38,55,10,28,23,43,67,27,55
67,70,7,7,23,68,38,94,61,28,23,44,65,27,100