0,0,0,0,0,0,0,0,0,0,0,0,0,0,0
0,0,0,0,0,0,0,0,0,0,0,0,0,0,0
0,0,0,0,0,0,0,0,0,0,0,0,0,0,0
0,0,0,0,0,0,0,0,0,0,0,0,0,0,0
0,0,0,0,0,0,0,0,0,0,0,0,0,0,0
0,0,3,89,66,88,17,0,6,0,75,79,0,66,28
50,0,10,0,34,0,0,5,0,90,0,4,0,68,0
0,0,0,0,0,0,0,0,0,0,0,0,0,0,0
0,0,0,0,0,0,0,0,0,0,0,0,0,0,0
0,0,0,0,0,0,0,0,0,0,0,0,0,0,0
0,0,0,0,0,0,0,0,0,0,0,0,0,0,0
0,0,0,0,0,0,0,0,0,0,0,0,0,0,0
0,0,0,0,0,0,0,0,0,0,0,0,0,0,0
0,0,0,0,0,0,0,0,0,0,0,0,0,0,0
0,0,0,0,0,0,0,0,0,0,0,0,0,0,0
0,0,0,0,0,0,0,0,0,0,0,0,0,0,0
0,0,0,0,0,0,0,0,0,0,0,0,0,0,0
0,0,0,0,0,0,0,0,0,0,0,0,0,0,0
0,0,0,0,0,0,0,0,0,0,0,0,0,0,0
0,0,0,0,0,0,0,0,0,0,0,0,0,0,0
0,0,0,0,0,0,0,0,0,0,0,0,0,0,0
0,0,0,0,0,0,0,0,0,0,0,0,0,0,0
0,0,0,0,0,0,0,0,0,0,0,0,0,0,0
0,0,0,0,0,0,0,0,0,0,0,0,0,0,0
0,0,0,0,0,0,0,0,0,0,0,0,0,0,0
24,50,46,49,29,73,54,67,39,63,81,47,57,6,83
52,50,49,8,63,26,47,0,57,22,36,32,0,45,4
60,49,41,26,67,5,86,65,94,9,40,78,55,97,82
0,0,0,0,0,0,0,0,0,0,0,0,0,0,0
0,0,0,0,0,0,0,0,0,0,0,0,0,0,0
0,0,0,0,0,0,0,0,0,0,0,0,0,0,0
0,0,0,0,0,0,0,0,0,0,0,0,0,0,0
0,0,0,0,0,0,0,0,0,0,0,0,0,0,0
0,0,0,0,0,0,0,0,0,0,0,0,0,0,0
0,0,0,0,0,0,0,0,0,0,0,0,0,0,0
0,0,0,0,0,0,0,0,0,0,0,0,0,0,0
0,0,0,0,0,0,0,0,0,0,0,0,0,0,0
0,0,0,0,0,0,0,0,0,0,0,0,0,0,0
0,0,0,0,0,0,0,0,0,0,0,0,0,0,0
0,0,0,0,0,0,0,0,0,0,0,0,0,0,0
0,0,0,0,0,0,0,0,0,0,0,0,0,0,0
0,0,0,0,0,0,0,0,0,0,0,0,0,0,0
0,0,0,0,0,0,0,0,0,0,0,0,0,0,0
0,0,0,0,0,0,0,0,0,0,0,0,0,0,0
0,0,0,0,0,0,0,0,0,0,0,0,0,0,0
24,50,47,49,10,73,31,36,67,22,81,40,102,90,18
53,49,73,61,72,31,70,78,39,74,37,20,104,88,2
60,49,41,26,67,5,86,65,94,9,40,4,91,97,82
58,36,10,49,67,73,51,31,9,96,0,55,39,31,83
0,0,0,0,0,0,0,0,0,0,0,0,0,0,0
0,0,0,0,0,0,0,0,0,0,0,0,0,0,0
0,0,0,0,0,0,0,0,0,0,0,0,0,0,0
0,0,0,0,0,0,0,0,0,0,0,0,0,0,0
0,0,0,0,0,0,0,0,0,0,0,0,0,0,0
0,0,0,0,0,0,0,0,0,0,0,0,0,0,0
0,0,0,0,0,0,0,0,0,0,0,0,0,0,0
0,0,0,0,0,0,0,0,0,0,0,0,0,0,0
0,0,0,0,0,0,0,0,0,0,0,0,0,0,0
0,0,0,0,0,0,0,0,0,0,0,0,0,0,0
0,0,0,0,0,0,0,0,0,0,0,0,0,0,0
0,0,0,0,0,0,0,0,0,0,0,0,0,0,0
0,0,0,0,0,0,0,0,0,0,0,0,0,0,0
0,0,0,0,0,0,0,0,0,0,0,0,0,0,0
0,0,0,0,0,0,0,0,0,0,0,0,0,0,0
50,28,44,17,8,7,44,45,3,33,80,23,82,0,58
32,28,44,17,8,7,44,45,3,33,80,23,84,31,55
53,49,73,61,72,31,70,78,39,74,37,20,104,57,2
7,24,49,25,67,61,13,27,96,16,49,40,48,0,71
58,36,10,49,67,73,35,31,9,96,0,55,39,31,83
58,36,10,49,41,73,17,31,39,96,51,0,59,31,82
0,0,0,0,0,0,0,0,0,0,0,0,0,0,0
0,0,0,0,0,0,0,0,0,0,0,0,0,0,0
0,0,0,0,0,0,0,0,0,0,0,0,0,0,0
0,0,0,0,0,0,0,0,0,0,0,0,0,0,0
0,0,0,0,0,0,0,0,0,0,0,0,0,0,0
0,0,0,0,0,0,0,0,0,0,0,0,0,0,0
0,0,0,0,0,0,0,0,0,0,0,0,0,0,0
0,0,0,0,0,0,0,0,0,0,0,0,0,0,0
0,0,0,0,0,0,0,0,0,0,0,0,0,0,0
0,0,0,0,0,0,0,0,0,0,0,0,0,0,0
0,0,0,0,0,0,0,0,0,0,0,0,0,0,0
0,0,0,0,0,0,0,0,0,0,0,0,0,0,0
0,0,0,0,0,0,0,0,0,0,0,0,0,0,0
0,0,0,0,0,0,0,0,0,0,0,0,0,0,0
50,28,44,17,0,0,0,7,0,86,80,23,89,0,90
38,50,45,9,44,25,60,36,86,25,43,74,61,55,82
38,50,45,9,44,25,60,36,86,66,43,74,61,55,82
50,24,58,0,91,2,44,27,29,33,61,20,4,0,79
50,93,58,0,61,2,44,27,29,33,61,20,4,0,79
45,50,2,25,46,42,44,36,21,26,3,85,15,34,40
45,50,2,25,46,42,44,36,21,21,3,85,15,34,40
0,0,0,0,0,0,0,0,0,0,0,0,0,0,0
0,0,0,0,0,0,0,0,0,0,0,0,0,0,0
0,0,0,0,0,0,0,0,0,0,0,0,0,0,0
0,0,0,0,0,0,0,0,0,0,0,0,0,0,0
0,0,0,0,0,0,0,0,0,0,0,0,0,0,0
0,0,0,0,0,0,0,0,0,0,0,0,0,0,0
0,0,0,0,0,0,0,0,0,0,0,0,0,0,0
0,0,0,0,0,0,0,0,0,0,0,0,0,0,0
0,0,0,0,0,0,0,0,0,0,0,0,0,0,0
0,0,0,0,0,0,0,0,0,0,0,0,0,0,0
0,0,0,0,0,0,0,0,0,0,0,0,0,0,0
0,0,0,0,0,0,0,0,0,0,0,0,0,0,0
1,50,53,17,4,25,17,36,86,58,47,72,13,19,95
2,50,53,17,4,25,17,36,86,58,47,72,13,19,95
50,28,44,17,72,7,44,55,86,36,80,23,13,0,58
65,50,63,25,50,36,9,36,33,25,43,74,69,55,17
50,28,44,75,72,40,99,69,3,81,65,90,47,70,67
50,28,44,75,72,40,99,69,3,81,65,90,47,70,67
52,50,61,42,9,24,5,53,59,66,46,50,44,27,68
52,50,61,42,8,30,5,53,91,66,55,63,44,27,68
52,50,61,42,8,30,5,53,91,66,55,63,44,27,68
45,50,2,6,46,42,28,36,21,26,3,85,15,34,40
45,50,2,6,46,65,28,36,21,26,3,85,15,48,40
0,0,0,0,0,0,0,0,0,0,0,0,0,0,0
0,0,0,0,0,0,0,0,0,0,0,0,0,0,0
0,0,0,0,0,0,0,0,0,0,0,0,0,0,0
0,0,0,0,0,0,0,0,0,0,0,0,0,0,0
0,0,0,0,0,0,0,0,0,0,0,0,0,0,0
0,0,0,0,0,0,0,0,0,0,0,0,0,0,0
0,0,0,0,0,0,0,0,0,0,0,0,0,0,0
0,0,0,0,0,0,0,0,0,0,0,0,0,0,0
38,50,45,9,36,25,9,36,86,25,43,74,57,55,82
38,50,45,9,36,25,9,36,86,25,43,74,57,55,82
50,55,59,41,44,88,17,86,63,91,75,45,71,66,28
43,40,59,32,50,17,93,31,77,81,104,79,95,65,25
65,50,63,25,50,36,9,36,33,25,43,74,62,55,17
50,29,44,32,72,40,51,69,41,3,1,90,55,79,67
50,28,44,32,72,40,51,69,41,3,1,90,55,79,67
66,50,30,53,91,29,34,57,5,76,36,73,23,45,4
61,50,7,26,32,5,5,37,73,63,55,4,44,27,101
50,28,2,73,1,2,99,38,3,14,12,16,13,7,95
50,28,2,73,73,2,99,38,3,14,12,73,13,7,95
64,48,50,42,42,0,0,45,36,0,67,4,0,104,1
7,50,36,2,67,102,38,67,3,34,63,33,4,100,25
61,50,7,26,67,20,5,31,73,36,55,95,44,0,101
6,28,8,31,51,67,61,101,3,83,36,73,79,51,49
6,28,8,66,51,67,38,101,3,78,36,73,36,51,49
6,27,2,50,33,95,0,45,28,0,60,10,97,36,64
0,0,0,0,0,0,0,0,0,0,0,0,0,0,0
50,62,59,27,62,88,17,86,6,91,75,79,36,66,28
50,62,59,27,62,88,17,86,6,91,75,79,36,66,28
50,28,56,17,0,0,0,7,0,86,75,23,89,11,90
60,50,33,26,32,5,86,36,73,9,40,4,47,9,82
60,50,33,26,32,5,86,36,73,9,64,58,47,9,82
1,50,33,26,32,5,86,36,73,9,40,4,50,9,82
24,9,50,0,36,74,7,101,4,2,56,4,99,70,72
24,50,50,8,27,0,75,31,75,36,0,32,23,48,71
24,50,50,8,27,0,75,31,39,36,0,32,23,48,71
15,50,50,26,50,77,22,55,6,83,32,48,13,45,13
50,20,34,8,83,64,35,36,14,42,41,38,31,1,1
50,20,34,68,83,64,26,34,14,58,12,74,9,80,100
50,20,34,68,15,64,76,38,14,58,63,16,9,80,95
50,21,34,47,14,70,45,37,66,27,30,59,7,44,0
50,21,34,47,14,75,14,51,66,27,30,32,10,44,0
7,50,59,31,67,36,49,28,71,96,49,64,10,0,58
7,50,59,31,67,36,49,28,71,96,49,28,10,0,71
54,47,66,28,67,38,20,10,42,23,24,1,4,6,84
57,51,47,38,10,36,31,32,67,22,62,40,102,101,13
57,51,47,38,10,36,31,32,67,22,62,45,61,101,13
50,0,47,17,0,0,27,0,0,36,85,31,0,91,0
1,50,53,17,1,25,17,36,86,58,12,72,13,19,95
1,50,53,17,1,52,17,36,86,58,12,23,42,100,95
1,50,0,0,1,25,17,36,86,0,0,72,13,19,95
50,32,24,17,39,22,90,0,77,58,57,45,9,26,57
24,9,50,66,74,77,26,1,23,76,87,27,15,15,51
24,50,50,25,27,0,75,0,39,73,0,0,35,48,94
24,50,47,62,27,0,12,67,39,92,89,15,57,75,13
24,50,47,62,27,64,12,19,35,92,80,54,57,63,13
15,50,50,26,50,77,22,55,6,83,32,48,13,85,13
50,20,34,8,83,64,35,36,14,42,41,87,16,1,90
50,20,34,68,83,64,26,34,14,58,12,74,9,80,100
50,20,34,68,15,64,76,38,36,91,63,16,9,80,95
42,50,7,59,21,26,17,36,23,88,102,81,31,68,27
50,21,34,47,14,70,99,37,66,27,30,59,7,44,0
7,50,59,31,67,36,49,28,71,96,49,28,10,0,71
7,50,59,31,67,36,49,28,71,96,49,28,10,0,71
65,62,52,21,2,61,51,42,36,91,72,64,98,3,91
7,52,47,38,21,36,33,11,73,61,12,41,63,0,82
7,25,59,31,67,36,102,36,0,10,49,87,10,0,87
52,36,85,23,10,92,51,42,36,27,67,11,66,20,95
50,0,24,48,85,76,14,0,86,84,0,52,58,0,57
1,50,37,37,9,24,84,5,73,74,36,103,92,27,94
50,50,37,52,9,24,84,42,86,76,31,103,92,27,94
50,62,0,24,66,0,17,91,65,91,7,0,23,60,0
24,50,55,51,32,73,54,36,39,63,42,9,0,87,83
24,53,50,37,31,77,61,55,19,27,86,94,95,94,15
24,53,50,37,31,77,61,55,19,27,92,94,95,94,15
24,53,50,47,31,77,17,55,19,27,92,94,95,94,15
50,20,58,17,38,2,44,27,17,32,61,20,29,0,75
50,33,47,17,20,29,52,83,0,54,22,27,81,71,59
50,20,10,51,34,17,21,57,86,90,0,4,74,6,17
50,20,10,51,34,17,34,57,86,90,0,4,74,6,17
2,50,41,8,32,64,76,36,95,72,51,33,2,43,1
45,50,7,24,67,26,17,45,5,44,48,29,0,92,49
42,50,7,24,67,26,17,6,5,9,102,55,31,68,49
8,59,47,59,21,50,33,36,23,88,66,81,99,91,27
8,59,47,59,21,50,33,36,23,88,66,81,99,91,27
8,59,47,59,21,53,33,36,23,53,54,22,67,36,57
8,59,47,59,21,64,33,36,23,88,66,81,99,91,27
50,0,24,17,56,86,89,0,86,84,18,0,36,101,57
50,50,37,52,9,24,84,42,86,76,31,103,92,27,94
50,50,37,52,9,24,84,42,86,76,31,103,92,27,94
50,64,24,17,56,86,89,0,100,84,18,0,36,101,76
48,24,41,54,77,39,23,65,28,36,59,13,4,97,93
24,1,50,55,72,77,22,85,60,26,29,80,80,1,22
24,53,50,37,31,77,71,55,19,27,92,21,95,44,15
20,24,50,8,31,26,76,2,95,63,51,23,2,38,92
57,24,63,53,50,77,22,44,39,74,61,26,80,78,51
50,20,48,17,34,17,74,80,58,76,0,1,9,26,44
50,20,15,8,34,17,26,45,69,0,17,60,74,91,4
50,20,10,51,34,17,21,57,86,90,0,4,74,6,4
50,20,10,51,34,17,21,57,86,90,0,4,74,68,4
50,33,59,76,67,36,71,19,3,61,25,27,81,0,71
45,50,7,24,67,26,17,0,0,44,99,0,0,0,0
42,50,7,24,67,26,17,6,5,9,102,55,31,68,49
7,33,50,50,67,36,51,50,41,3,1,103,55,31,83
7,33,50,50,67,36,51,50,41,3,82,103,55,31,83
8,59,47,59,21,53,33,36,23,1,54,22,26,36,2
8,59,47,59,21,64,33,36,23,88,66,81,99,91,27
50,92,86,17,41,34,17,55,3,36,51,0,7,36,82
1,50,53,17,1,86,17,36,86,58,12,23,67,100,95
65,50,53,25,50,86,15,46,33,25,43,74,43,100,95
24,95,75,53,50,74,102,17,2,13,54,22,29,36,2
48,24,41,54,77,39,23,65,28,36,84,26,80,97,45
24,92,50,55,72,77,22,85,60,103,29,67,80,1,22
24,1,50,55,72,77,22,85,60,26,37,80,80,1,22
57,24,63,53,50,77,22,87,39,74,75,26,80,78,51
57,24,50,73,94,68,22,19,63,27,33,2,80,59,94
50,20,48,17,36,31,74,69,23,33,0,99,11,34,59
50,20,10,17,27,74,21,80,57,90,36,4,74,45,44
65,2,50,5,2,77,51,42,36,91,72,43,56,3,91
52,20,50,8,27,19,76,52,66,63,30,17,99,91,58
52,20,50,8,27,19,76,52,66,63,30,17,99,91,58
45,50,7,42,67,26,75,87,67,22,52,29,0,87,17
58,51,50,6,67,25,21,66,34,22,95,56,4,69,57
7,50,59,52,67,36,49,28,71,76,31,103,92,27,71
7,52,47,38,67,36,33,2,73,24,24,45,4,69,57
7,52,47,38,67,36,33,2,73,24,24,45,4,39,57
58,93,7,38,67,36,36,36,53,30,42,44,73,87,76
1,50,53,17,1,86,17,36,86,58,12,23,42,100,95
50,62,59,41,62,88,17,86,6,91,75,79,36,66,28
50,62,59,89,66,88,17,86,6,91,75,79,36,66,28
24,40,75,53,50,99,102,70,62,13,54,22,26,36,2
20,24,50,38,31,0,65,2,39,63,15,23,4,56,92
24,1,50,73,69,1,56,23,0,55,29,80,26,0,20
24,92,50,73,69,14,70,66,23,90,29,71,67,48,33
1,20,24,50,74,103,37,29,95,104,36,51,60,84,101
50,59,73,73,21,54,63,19,39,88,57,36,40,97,93
8,50,47,0,0,47,75,0,39,0,0,0,35,87,0
50,0,24,73,21,57,14,80,50,26,80,32,62,91,58
42,50,2,0,46,74,44,101,21,29,56,29,99,70,40
52,20,50,25,27,19,76,52,66,63,56,17,99,70,103
7,50,59,76,67,36,71,28,3,61,49,87,10,0,71
7,50,59,73,69,36,49,82,71,90,49,28,67,40,87
7,50,46,67,0,70,13,89,96,0,29,41,48,0,86
7,50,58,41,67,20,93,31,57,36,28,95,97,0,44
10,50,8,68,101,98,33,28,39,4,36,25,41,96,79
58,51,47,38,67,36,21,2,34,24,24,28,4,69,57
10,8,8,68,21,53,25,36,23,75,52,78,83,63,102
50,0,53,48,85,76,49,36,86,84,0,52,58,0,95
50,80,53,48,85,76,49,36,86,84,0,70,58,0,95
50,37,53,48,85,76,49,36,86,84,0,70,58,0,12
20,24,41,54,59,39,9,88,97,99,45,45,52,21,70
20,24,50,38,48,0,65,54,39,63,15,72,81,3,1
20,24,50,38,31,0,65,2,39,63,15,23,4,56,92
20,24,11,8,50,31,22,38,71,15,32,26,89,73,93
1,20,24,50,74,17,37,29,95,104,36,56,51,87,92
50,59,73,73,21,54,63,19,39,88,57,36,40,97,93
1,50,76,50,6,17,1,31,39,4,36,0,41,96,44
50,33,94,50,61,54,76,19,0,54,25,27,81,71,82
50,20,10,51,56,17,0,57,0,0,0,0,74,64,26
41,42,50,73,91,77,70,37,66,27,30,17,93,54,0
92,20,50,25,27,19,76,52,66,63,56,17,99,70,103
42,50,7,38,67,57,12,19,73,36,19,55,96,4,67
1,50,2,68,1,103,26,38,0,58,12,16,13,19,66
7,50,58,67,67,20,93,31,57,36,28,95,97,0,44
10,50,8,68,101,98,33,28,39,4,36,25,84,96,46
8,61,67,37,21,53,33,36,23,1,54,22,67,36,2
10,8,8,68,21,53,33,36,23,45,52,78,83,63,102
53,38,96,78,50,63,84,45,90,71,87,19,3,6,4
50,0,53,48,85,76,49,36,86,84,0,52,58,0,95
20,24,11,8,39,81,22,87,22,91,32,26,89,73,29
20,24,40,54,59,39,65,13,66,73,45,14,52,36,92
20,24,50,38,52,77,65,2,39,63,33,2,95,56,43
20,24,50,49,52,77,22,0,19,27,33,55,95,31,91
20,24,11,8,50,31,22,38,71,15,89,26,89,15,73
20,24,50,73,19,38,87,64,52,55,60,71,29,13,94
15,53,50,73,74,77,100,55,19,27,92,0,93,94,5
50,72,22,17,50,28,27,68,34,66,76,77,39,20,87
50,72,96,17,61,69,60,68,71,17,76,34,11,36,18
50,72,33,17,32,69,60,36,71,9,40,92,11,4,18
41,42,50,73,91,77,70,37,66,27,30,17,93,54,0
52,20,50,8,67,20,47,0,57,61,36,32,23,45,4
65,50,47,50,68,25,15,34,38,25,30,74,43,100,95
50,68,8,68,7,31,48,36,35,104,7,22,34,28,75
50,68,8,68,7,31,67,36,35,104,7,22,34,28,75
58,68,47,50,74,57,97,33,73,36,30,34,39,36,93
8,68,47,74,20,53,33,36,23,63,95,61,16,98,75
8,93,55,51,67,17,74,36,23,30,42,1,100,87,39
52,0,86,73,0,0,0,0,0,0,0,0,37,0,51
52,0,86,73,0,0,0,0,0,0,0,0,37,0,51
20,24,11,8,39,81,22,87,22,91,32,26,89,73,29
20,24,50,50,50,54,70,0,39,18,33,72,4,7,49
20,24,50,56,22,19,24,73,39,27,10,23,14,84,92
20,24,11,8,50,60,22,38,46,103,32,26,89,84,51
20,24,50,51,52,77,22,0,19,27,33,58,95,31,91
20,24,50,73,19,38,87,64,52,55,68,26,29,13,94
53,53,73,50,91,54,70,0,39,90,33,72,4,79,93
15,42,50,73,91,77,70,0,19,27,33,7,93,54,101
50,53,50,73,74,57,65,19,35,79,98,34,96,36,49
50,72,37,41,97,69,60,68,31,17,36,34,11,36,18
50,72,96,17,61,69,60,68,71,17,76,34,57,36,18
52,20,50,8,67,20,70,31,57,61,36,64,104,77,4
50,68,47,17,20,31,27,78,23,33,61,99,11,34,59
50,68,47,17,20,31,27,83,23,33,22,99,11,34,59
68,50,46,8,54,76,26,71,23,104,55,31,60,87,82
58,68,47,50,70,25,97,33,38,36,30,97,39,75,90
58,68,47,38,70,60,97,64,54,36,38,8,39,48,7
58,68,47,75,70,26,51,64,27,22,52,8,0,102,17
52,93,85,93,17,67,104,56,86,76,79,11,44,99,72
52,0,86,73,0,0,0,37,0,0,0,0,37,0,51
20,24,22,102,24,39,19,23,52,3,97,16,9,22,95
20,24,22,98,54,81,87,56,52,91,2,22,39,59,29
20,24,50,52,50,21,87,64,23,102,16,71,29,7,94
20,24,50,94,52,77,22,57,19,27,33,2,95,29,43
20,24,50,94,52,77,22,57,19,27,33,2,95,29,43
14,20,24,50,74,17,8,29,95,42,36,99,51,87,41
53,53,73,50,91,54,70,0,39,90,33,72,4,73,93
52,20,22,8,50,95,76,29,42,49,75,20,95,91,51
15,20,50,24,71,19,47,24,94,27,31,20,68,0,35
41,20,15,8,50,63,26,14,69,0,17,60,103,91,58
55,20,50,24,71,19,47,24,94,27,48,20,68,0,52
20,50,2,8,74,71,26,28,86,66,75,27,15,73,82
20,50,2,8,74,71,26,28,86,80,75,27,15,73,96
68,50,46,8,48,64,63,36,37,5,51,65,44,88,1
68,50,46,8,54,76,26,71,23,84,59,31,60,37,75
67,50,50,6,32,73,13,36,39,47,44,9,18,7,30
68,52,47,38,67,36,21,64,77,22,24,34,4,69,57
1,68,47,38,28,28,97,36,48,58,93,23,39,100,31
86,50,92,83,10,17,90,36,17,81,75,68,80,66,8
1,51,86,17,72,25,17,55,86,36,12,0,13,0,82
20,24,22,102,24,39,87,23,52,3,97,72,88,22,29
20,24,22,98,89,81,87,7,52,91,2,22,39,22,29
32,20,22,24,50,20,27,21,23,104,79,16,22,34,44
20,24,64,77,69,57,23,80,50,82,80,32,29,55,89
20,24,64,77,69,57,23,80,50,82,80,32,29,94,89
53,42,73,17,72,31,70,78,39,33,37,20,26,57,2
53,42,73,61,72,31,70,78,39,33,37,20,104,57,2
20,21,50,38,31,0,17,32,39,63,15,55,77,6,84
15,20,50,24,71,19,47,24,94,27,31,20,68,0,100
15,20,50,52,13,77,26,63,94,62,23,29,49,54,80
20,2,50,5,52,77,21,0,19,27,33,46,95,78,91
20,50,2,8,74,71,26,28,86,66,75,27,15,10,82
20,50,57,8,74,71,26,28,86,66,94,27,15,73,82
68,50,46,14,64,92,63,36,37,5,51,65,44,88,1
67,20,50,6,32,10,13,36,87,47,44,6,18,22,30
67,20,50,6,32,10,13,36,62,47,44,38,44,23,30
21,68,47,74,20,53,33,36,23,63,77,61,16,48,75
1,68,47,38,28,28,97,36,48,58,38,23,39,100,31
86,50,92,83,10,17,90,36,17,81,75,68,80,66,28
86,50,24,83,81,17,64,36,17,59,12,96,85,67,28
1,51,86,17,72,60,17,55,86,36,12,0,13,0,82
1,51,86,17,67,24,5,55,86,66,12,0,44,0,82
32,20,22,24,50,36,16,21,23,104,69,20,4,25,44
32,20,22,24,50,20,27,21,23,104,96,16,22,69,44
20,32,59,17,39,22,26,0,77,99,22,88,9,15,51
53,20,22,24,50,15,0,14,34,71,80,60,19,9,58
53,20,22,24,50,15,66,14,34,71,80,60,19,9,58
20,16,59,17,50,17,22,31,77,83,38,97,29,94,51
20,50,50,0,19,31,52,64,48,34,85,71,4,91,48
15,20,50,52,13,77,26,63,94,45,23,29,49,54,80
20,53,50,73,19,61,0,0,0,27,92,0,93,0,5
1,20,20,50,74,17,8,103,95,58,36,23,39,87,41
41,20,69,8,50,66,26,14,69,0,41,60,103,91,27
67,20,50,6,48,25,19,50,41,47,66,56,18,28,83
67,20,50,6,48,25,65,50,91,47,66,56,18,28,83
68,52,47,38,10,57,12,19,73,36,19,34,96,4,67
68,52,47,38,10,57,12,19,73,36,19,34,96,4,67
51,13,103,100,7,40,23,19,35,36,64,34,30,13,63
0,0,0,0,0,0,0,0,0,0,0,0,0,0,0
21,23,73,24,86,62,58,98,39,33,100,95,11,45,99
20,23,24,56,96,60,63,2,39,20,10,96,52,21,4
20,23,24,54,22,19,84,53,39,27,31,82,92,84,40
15,20,22,24,50,78,16,13,42,27,35,82,12,33,72
15,20,22,24,50,78,16,13,42,27,35,78,12,33,72
63,20,22,24,50,20,27,58,23,104,96,43,22,29,44
1,20,19,24,50,15,17,14,34,71,47,72,19,76,70
15,20,22,52,50,85,83,104,12,65,16,55,29,91,47
20,16,59,17,50,17,22,31,77,99,75,97,29,94,51
20,16,59,17,50,17,22,31,77,83,73,45,29,94,51
20,16,59,17,50,76,22,31,0,83,79,97,29,94,8
20,65,50,73,19,38,92,101,60,34,60,71,13,84,41
20,68,47,17,50,17,22,78,47,33,61,97,29,94,35
20,68,47,17,50,17,33,78,47,33,61,97,29,94,35
67,20,50,94,48,25,51,50,41,47,66,76,18,28,83
67,20,73,94,48,25,51,50,92,47,66,76,18,28,83
68,52,69,100,7,57,12,19,35,36,61,34,96,63,101
68,52,69,100,7,57,12,19,35,36,64,34,96,15,101
68,18,68,67,7,32,67,19,53,36,84,49,104,52,60