0,0,0,0,0,0,0,0,0,0,0,0,0,0,0
0,0,0,0,0,0,0,0,0,0,0,0,0,0,0
0,0,0,0,0,0,0,0,0,0,0,0,0,0,0
0,0,0,0,0,0,0,0,0,0,0,0,0,0,0
0,0,0,0,0,0,0,0,0,0,0,0,0,0,0
8,0,64,46,0,0,0,0,44,27,2,0,0,64,3
7,4,68,36,33,68,20,49,29,34,87,19,1,62,2
0,0,50,25,31,40,0,69,0,44,0,0,0,0,48
7,71,49,73,40,22,0,65,0,0,92,0,0,0,0
0,0,0,0,0,0,0,0,0,0,0,0,0,0,0
0,0,0,0,0,0,0,0,0,0,0,0,0,0,0
0,0,0,0,0,0,0,0,0,0,0,0,0,0,0
0,0,0,0,0,0,0,0,0,0,0,0,0,0,0
0,0,0,0,0,0,0,0,0,0,0,0,0,0,0
0,0,0,0,0,0,0,0,0,0,0,0,0,0,0
0,0,0,0,0,0,0,0,0,0,0,0,0,0,0
0,0,0,0,0,0,0,0,0,0,0,0,0,0,0
0,0,0,0,0,0,0,0,0,0,0,0,0,0,0
0,0,0,0,0,0,0,0,0,0,0,0,0,0,0
0,0,0,0,0,0,0,0,0,0,0,0,0,0,0
0,0,0,0,0,0,0,0,0,0,0,0,0,0,0
0,0,0,0,0,0,0,0,0,0,0,0,0,0,0
0,0,0,0,0,0,0,0,0,0,0,0,0,0,0
0,0,0,0,0,0,0,0,0,0,0,0,0,0,0
0,0,0,0,0,0,0,0,0,0,0,0,0,0,0
8,44,50,48,42,38,56,49,75,41,103,30,101,17,11
7,50,49,36,6,68,40,7,29,2,50,22,31,83,12
8,50,49,27,6,68,40,4,29,8,77,46,31,83,12
0,0,0,0,0,0,0,0,0,0,0,0,0,0,0
0,0,0,0,0,0,0,0,0,0,0,0,0,0,0
0,0,0,0,0,0,0,0,0,0,0,0,0,0,0
0,0,0,0,0,0,0,0,0,0,0,0,0,0,0
0,0,0,0,0,0,0,0,0,0,0,0,0,0,0
0,0,0,0,0,0,0,0,0,0,0,0,0,0,0
0,0,0,0,0,0,0,0,0,0,0,0,0,0,0
0,0,0,0,0,0,0,0,0,0,0,0,0,0,0
0,0,0,0,0,0,0,0,0,0,0,0,0,0,0
0,0,0,0,0,0,0,0,0,0,0,0,0,0,0
0,0,0,0,0,0,0,0,0,0,0,0,0,0,0
0,0,0,0,0,0,0,0,0,0,0,0,0,0,0
0,0,0,0,0,0,0,0,0,0,0,0,0,0,0
0,0,0,0,0,0,0,0,0,0,0,0,0,0,0
0,0,0,0,0,0,0,0,0,0,0,0,0,0,0
0,0,0,0,0,0,0,0,0,0,0,0,0,0,0
0,0,0,0,0,0,0,0,0,0,0,0,0,0,0
49,50,17,36,74,24,8,15,104,65,0,30,33,67,0
53,50,49,73,6,68,87,4,32,92,48,32,31,88,89
49,21,55,7,13,46,28,29,62,10,33,66,103,27,37
7,50,7,0,52,47,0,10,49,29,18,33,94,45,100
0,0,0,0,0,0,0,0,0,0,0,0,0,0,0
0,0,0,0,0,0,0,0,0,0,0,0,0,0,0
0,0,0,0,0,0,0,0,0,0,0,0,0,0,0
0,0,0,0,0,0,0,0,0,0,0,0,0,0,0
0,0,0,0,0,0,0,0,0,0,0,0,0,0,0
0,0,0,0,0,0,0,0,0,0,0,0,0,0,0
0,0,0,0,0,0,0,0,0,0,0,0,0,0,0
0,0,0,0,0,0,0,0,0,0,0,0,0,0,0
0,0,0,0,0,0,0,0,0,0,0,0,0,0,0
0,0,0,0,0,0,0,0,0,0,0,0,0,0,0
0,0,0,0,0,0,0,0,0,0,0,0,0,0,0
0,0,0,0,0,0,0,0,0,0,0,0,0,0,0
0,0,0,0,0,0,0,0,0,0,0,0,0,0,0
0,0,0,0,0,0,0,0,0,0,0,0,0,0,0
0,0,0,0,0,0,0,0,0,0,0,0,0,0,0
43,50,50,28,57,24,17,35,90,40,0,0,9,88,61
24,50,49,0,73,69,97,76,0,64,3,65,64,20,65
7,35,49,24,50,74,67,29,60,20,92,0,0,83,0
49,50,32,7,13,46,28,29,89,10,100,66,103,27,37
5,54,50,60,40,35,29,55,62,44,11,36,38,3,72
5,54,50,60,9,35,29,55,9,44,11,36,38,3,72
0,0,0,0,0,0,0,0,0,0,0,0,0,0,0
0,0,0,0,0,0,0,0,0,0,0,0,0,0,0
0,0,0,0,0,0,0,0,0,0,0,0,0,0,0
0,0,0,0,0,0,0,0,0,0,0,0,0,0,0
0,0,0,0,0,0,0,0,0,0,0,0,0,0,0
0,0,0,0,0,0,0,0,0,0,0,0,0,0,0
0,0,0,0,0,0,0,0,0,0,0,0,0,0,0
0,0,0,0,0,0,0,0,0,0,0,0,0,0,0
0,0,0,0,0,0,0,0,0,0,0,0,0,0,0
0,0,0,0,0,0,0,0,0,0,0,0,0,0,0
0,0,0,0,0,0,0,0,0,0,0,0,0,0,0
0,0,0,0,0,0,0,0,0,0,0,0,0,0,0
0,0,0,0,0,0,0,0,0,0,0,0,0,0,0
0,0,0,0,0,0,0,0,0,0,0,0,0,0,0
43,50,57,28,57,24,17,35,90,40,0,0,9,79,6
24,50,49,0,73,69,42,76,0,17,3,65,64,20,65
17,50,50,36,42,34,56,49,75,22,103,15,4,17,11
48,44,50,36,32,38,20,49,75,70,103,30,1,52,2
62,44,50,36,32,38,20,49,75,82,103,30,1,52,2
5,54,50,60,40,35,29,55,62,44,11,36,35,3,33
5,54,64,60,40,35,29,55,9,48,11,36,38,3,72
5,54,64,60,40,35,29,55,9,48,11,36,38,3,72
0,0,0,0,0,0,0,0,0,0,0,0,0,0,0
0,0,0,0,0,0,0,0,0,0,0,0,0,0,0
0,0,0,0,0,0,0,0,0,0,0,0,0,0,0
0,0,0,0,0,0,0,0,0,0,0,0,0,0,0
0,0,0,0,0,0,0,0,0,0,0,0,0,0,0
0,0,0,0,0,0,0,0,0,0,0,0,0,0,0
0,0,0,0,0,0,0,0,0,0,0,0,0,0,0
0,0,0,0,0,0,0,0,0,0,0,0,0,0,0
0,0,0,0,0,0,0,0,0,0,0,0,0,0,0
0,0,0,0,0,0,0,0,0,0,0,0,0,0,0
0,0,0,0,0,0,0,0,0,0,0,0,0,0,0
0,0,0,0,0,0,0,0,0,0,0,0,0,0,0
8,50,47,25,50,34,17,49,5,15,23,65,71,32,77
17,50,7,4,19,72,0,82,49,29,18,85,94,57,100
24,43,50,5,34,30,75,100,6,4,100,0,50,11,5
5,40,50,24,52,24,29,6,62,44,75,61,38,29,11
5,5,50,24,52,24,29,6,62,44,75,23,95,29,11
8,50,50,36,35,24,20,49,75,60,94,19,1,11,69
7,50,26,62,52,20,0,10,3,0,18,88,71,45,14
5,54,50,60,38,35,29,55,9,67,11,36,2,56,72
5,54,50,60,38,35,29,55,9,67,59,85,2,56,72
6,36,21,43,20,52,50,51,3,21,19,102,15,70,45
8,7,51,37,46,41,9,8,29,11,8,10,66,103,51
0,0,0,0,0,0,0,0,0,0,0,0,0,0,0
0,0,0,0,0,0,0,0,0,0,0,0,0,0,0
0,0,0,0,0,0,0,0,0,0,0,0,0,0,0
0,0,0,0,0,0,0,0,0,0,0,0,0,0,0
0,0,0,0,0,0,0,0,0,0,0,0,0,0,0
0,0,0,0,0,0,0,0,0,0,0,0,0,0,0
0,0,0,0,0,0,0,0,0,0,0,0,0,0,0
0,0,0,0,0,0,0,0,0,0,0,0,0,0,0
0,0,0,0,0,0,0,0,0,0,0,0,0,0,0
50,50,26,36,50,0,17,0,44,22,70,91,0,29,77
17,50,49,73,48,52,85,63,37,39,64,100,40,91,30
24,43,50,5,34,30,75,100,6,4,100,0,50,11,5
24,43,50,5,34,30,75,100,6,4,100,0,50,11,5
9,50,50,36,15,30,30,12,3,1,102,78,60,23,30
9,50,45,0,0,26,0,12,34,24,74,6,46,22,88
45,50,50,47,52,24,29,45,62,74,1,72,3,54,93
8,50,60,45,26,73,40,65,44,89,29,70,69,29,71
48,44,50,36,42,68,28,4,75,29,44,30,1,52,42
45,50,0,26,0,68,47,73,3,13,76,32,0,0,51
8,50,29,51,46,68,47,45,3,12,76,66,53,89,61
8,50,32,36,46,68,20,49,29,60,87,19,1,62,2
7,50,53,36,67,38,42,64,4,42,16,74,8,6,95
6,36,21,52,20,24,71,103,76,64,46,33,0,94,51
0,0,0,0,0,0,0,0,0,0,0,0,0,0,0
0,0,0,0,0,0,0,0,0,0,0,0,0,0,0
45,50,53,36,52,24,17,26,97,30,1,91,69,86,69
45,50,50,25,31,34,17,69,76,44,41,15,37,77,48
0,0,0,0,0,0,0,0,0,0,0,0,0,0,0
50,50,26,36,50,66,17,0,0,22,87,30,91,62,0
50,6,34,36,40,66,17,0,0,59,23,30,91,62,0
24,16,53,44,50,30,20,39,86,36,9,86,67,87,21
24,50,26,62,73,24,95,39,93,25,94,77,71,51,74
24,50,26,31,73,20,0,28,3,0,62,77,71,20,0
24,50,26,46,73,3,71,48,71,94,77,33,87,74,37
24,50,26,6,73,23,33,96,8,76,70,96,86,8,29
45,50,50,47,50,24,29,45,62,74,1,72,3,54,93
2,50,33,20,29,68,22,72,50,8,84,80,20,11,17
2,50,33,20,29,68,22,72,50,8,84,80,20,11,17
37,50,21,36,37,57,32,26,19,103,88,65,80,14,26
53,50,29,50,46,68,47,39,33,21,76,32,25,26,82
7,50,53,36,67,38,0,0,28,39,0,0,0,0,95
7,50,53,36,67,38,0,0,0,39,0,0,56,0,95
7,58,53,36,67,34,36,27,29,65,39,91,62,86,63
7,8,53,36,67,34,36,27,29,65,39,91,71,86,63
7,56,33,36,67,22,84,48,35,45,77,98,52,50,40
45,50,50,25,31,34,17,69,76,41,41,15,37,18,48
45,7,50,37,32,24,17,8,29,69,71,61,65,29,51
45,50,50,25,31,34,17,69,76,44,41,15,37,77,48
25,50,0,36,42,0,17,39,60,1,76,65,31,23,78
25,50,0,36,42,0,17,39,96,1,76,65,31,23,78
24,43,50,76,34,0,75,39,0,0,26,19,69,7,9
24,50,26,36,73,23,26,65,8,32,70,66,10,29,57
24,50,32,29,73,74,11,39,40,70,23,58,98,26,40
24,50,32,45,34,75,19,59,35,62,83,0,20,56,55
24,50,32,45,34,75,19,59,35,62,83,0,20,56,55
37,50,35,20,37,32,1,26,19,103,16,63,83,5,26
2,50,33,20,29,68,22,72,50,8,84,80,20,39,17
2,50,50,20,29,10,55,72,44,8,84,80,86,28,17
37,50,21,8,37,57,32,26,19,103,88,65,80,14,26
7,50,21,36,37,57,32,2,72,65,39,34,29,16,7
8,50,31,47,46,68,54,59,29,12,3,56,34,17,89
7,54,21,36,67,47,52,51,3,49,81,50,15,70,84
7,52,21,36,74,57,32,2,16,75,39,84,55,16,103
7,51,21,36,73,57,32,2,8,65,39,31,15,76,25
55,8,60,2,33,21,36,12,19,34,71,78,102,79,59
17,50,0,45,47,34,38,83,40,22,39,15,4,104,46
17,50,48,45,47,34,32,83,40,22,39,15,4,76,46
24,24,64,30,57,11,28,39,2,52,85,15,97,3,72
24,51,12,25,50,68,29,50,41,0,75,26,12,39,40
24,51,52,73,34,39,2,0,20,0,50,19,0,23,59
24,50,50,60,73,52,29,22,62,67,1,72,50,56,93
24,50,52,60,73,47,29,22,62,15,1,72,6,56,93
9,50,45,55,15,30,17,12,34,24,101,6,46,22,88
9,50,45,55,15,30,17,12,34,24,101,20,46,77,88
37,50,15,20,37,32,1,26,19,45,6,65,13,5,26
50,50,53,20,46,40,48,26,75,103,59,0,20,0,69
37,50,53,20,37,10,65,26,72,103,83,80,20,16,87
50,65,66,20,30,68,57,63,29,54,2,0,73,35,68
37,50,21,20,37,10,65,26,72,103,83,34,29,16,87
37,50,21,20,20,10,65,26,62,64,68,34,29,94,51
8,50,32,47,46,68,57,59,29,12,38,56,72,17,48
8,50,32,47,46,68,57,59,29,12,38,56,72,49,51
7,52,21,36,52,57,32,2,16,75,39,84,55,16,103
7,51,21,36,73,57,32,76,8,65,39,31,15,76,7
7,56,21,36,73,34,66,1,76,65,13,62,23,91,25
0,0,0,0,0,0,0,0,0,0,0,0,0,0,0
72,24,50,0,0,17,29,50,78,0,75,0,12,39,0
72,24,50,0,0,17,29,50,78,0,75,0,12,39,0
24,51,12,25,50,30,16,39,2,92,85,74,68,0,40
24,51,12,25,50,30,16,39,2,92,85,74,68,0,40
24,50,0,74,0,30,20,39,86,80,42,53,87,13,89
24,50,32,45,73,48,11,22,80,99,53,93,42,26,81
9,50,45,55,15,30,17,12,34,24,53,80,46,22,88
43,50,0,45,74,24,53,15,34,0,0,32,86,25,71
37,50,15,20,37,0,65,26,72,103,6,92,13,5,87
50,50,53,20,6,40,48,26,75,103,59,0,20,0,69
37,50,53,20,37,10,65,26,72,103,83,34,20,16,87
50,65,66,20,30,68,33,63,29,54,59,0,73,35,68
8,50,32,73,46,68,56,68,29,41,13,10,0,62,2
2,50,33,45,6,1,68,59,29,93,47,84,34,11,73
8,50,32,47,46,68,57,59,29,12,38,56,72,17,48
8,50,32,47,46,68,57,59,29,12,38,56,72,17,48
8,54,32,52,67,47,57,55,29,12,42,53,83,10,94
8,33,32,51,46,68,25,41,29,61,9,32,26,17,47
7,59,21,36,77,18,52,47,48,64,44,8,60,7,22
45,50,53,58,52,24,17,95,9,37,71,34,11,54,93
20,10,21,24,34,39,62,43,39,82,72,33,60,18,83
24,24,12,25,50,39,16,39,2,18,41,84,94,0,6
24,51,12,25,50,39,16,39,2,55,85,74,68,0,40
24,51,52,73,37,39,53,9,44,28,18,40,57,93,0
24,50,0,45,73,48,11,39,86,99,53,93,87,13,81
24,50,32,45,73,48,11,22,84,99,53,93,42,26,81
53,24,50,17,76,22,24,65,37,58,62,43,104,49,76
53,50,17,24,74,39,29,55,27,49,35,51,3,49,0
37,50,15,20,37,10,65,26,72,103,6,34,13,5,87
50,50,53,20,55,10,17,7,65,58,64,34,6,102,23
50,50,53,20,55,10,17,7,65,58,64,34,6,73,23
17,50,53,20,30,72,10,7,38,53,55,29,17,66,8
8,50,32,73,46,68,56,68,29,41,13,85,0,17,2
2,50,33,45,63,1,68,59,29,93,47,84,87,11,73
8,50,33,56,46,68,67,26,15,51,20,12,32,64,36
8,50,33,56,46,68,67,26,44,51,2,12,32,64,63
8,33,51,45,46,68,38,59,29,11,41,0,4,104,47
7,33,67,54,28,57,29,34,37,54,32,22,103,53,10
21,55,55,7,33,57,28,2,8,7,53,23,29,52,6
45,35,50,24,32,24,17,87,79,69,71,61,65,29,87
42,24,17,73,19,39,0,0,23,20,0,0,0,27,0
24,55,17,73,50,39,16,72,19,18,9,40,48,34,0
24,51,12,25,50,39,16,39,2,18,60,74,40,0,40
24,51,52,73,14,39,2,0,20,0,50,19,0,23,59
24,50,8,6,73,23,33,50,51,25,70,96,86,8,29
24,50,8,6,73,23,33,50,51,25,70,96,86,5,29
9,50,17,0,15,76,20,79,34,1,33,100,29,23,56
53,50,17,24,74,39,29,55,27,49,34,51,96,49,0
17,15,50,20,37,10,10,26,70,103,29,104,56,46,25
15,50,48,20,30,72,53,65,53,0,34,35,25,35,97
1,50,63,45,74,24,8,25,31,29,63,28,33,67,51
17,50,53,20,30,72,10,7,38,53,55,29,17,66,8
20,50,21,34,72,24,8,39,37,58,0,30,6,40,0
8,50,60,45,46,68,57,59,29,32,77,46,69,17,71
8,50,64,46,46,68,59,26,44,27,2,98,86,64,3
8,50,64,46,46,68,59,26,44,27,2,12,86,64,3
7,8,53,54,67,21,36,64,3,56,0,3,72,82,98
7,33,67,54,28,57,15,34,37,19,32,22,42,53,65
7,33,68,36,52,64,29,7,37,2,13,22,99,8,10
45,50,17,0,87,83,20,0,86,1,0,96,70,0,0
45,50,0,25,31,0,17,69,76,44,0,15,37,0,0
42,24,17,73,22,39,30,12,31,38,98,48,52,83,12
24,8,51,73,52,19,87,39,52,92,48,103,21,35,89
20,24,63,24,50,24,39,6,17,22,18,92,95,29,78
20,24,8,24,50,39,46,6,24,47,88,76,14,48,18
42,24,50,73,19,29,11,76,70,38,68,28,58,80,47
53,50,17,17,74,39,24,55,102,49,55,51,3,49,0
9,50,17,73,19,68,57,48,34,54,0,73,0,88,37
9,50,52,73,50,68,57,48,19,38,9,40,54,34,0
15,50,48,20,30,72,53,65,53,0,34,35,76,71,97
7,50,53,20,55,47,17,10,75,58,64,34,6,102,23
1,46,50,45,74,10,8,26,70,103,63,28,33,46,25
53,8,50,12,73,29,11,76,62,12,68,56,72,27,26
8,50,60,45,46,68,57,59,29,32,77,46,69,17,71
8,50,64,46,46,68,59,26,44,27,2,12,86,64,3
7,50,68,36,35,64,29,49,37,2,64,19,99,11,69
7,8,53,54,67,21,36,52,3,56,0,3,72,82,98
7,56,68,47,52,64,29,7,19,2,13,78,99,8,25
7,56,67,36,50,34,14,34,46,22,8,34,88,54,65
45,50,17,0,87,83,20,0,86,1,0,96,77,0,0
45,50,0,25,31,0,17,69,76,44,0,10,37,0,0
72,24,53,20,0,0,30,53,78,103,58,50,80,39,0
20,24,33,63,52,39,72,74,76,82,90,33,91,101,9
20,24,63,24,50,39,46,6,24,72,88,93,73,48,18
20,24,20,24,50,39,102,19,62,4,40,92,60,41,69
20,24,63,24,50,24,46,6,17,22,28,92,95,29,78
53,50,17,17,74,39,24,55,37,49,55,51,3,49,0
17,50,17,17,74,39,8,55,37,49,55,51,0,50,0
17,50,48,45,74,24,23,23,72,69,1,35,20,26,68
17,50,0,45,74,24,19,59,34,0,83,22,86,51,26
20,50,15,34,72,24,8,39,37,58,0,30,6,40,0
65,8,50,73,40,22,11,94,38,58,100,29,26,13,8
7,50,76,20,19,40,29,21,75,4,70,0,20,0,62
37,50,63,51,46,68,47,72,50,11,18,32,53,29,47
7,50,68,20,19,40,29,26,75,89,47,0,20,0,100
8,50,68,20,37,68,6,26,99,82,18,10,29,101,9
7,56,68,47,52,64,29,7,19,2,13,85,99,29,25
7,56,68,47,52,64,29,7,19,2,13,85,99,29,25
7,56,67,36,50,34,14,34,46,22,8,34,33,54,5
45,35,52,37,56,0,17,94,90,59,0,29,52,19,0
45,50,17,0,87,0,20,0,86,1,0,96,77,0,0
20,24,12,63,63,39,40,14,3,66,0,16,43,45,23
20,24,73,53,8,39,43,3,95,68,23,15,83,8,20
20,24,50,24,72,24,46,39,17,95,29,4,65,26,75
20,24,50,15,40,22,8,65,26,49,15,70,6,46,87
20,24,50,73,40,22,100,65,26,58,21,70,6,27,47
20,24,20,24,50,24,46,19,17,22,28,92,45,98,75
17,50,48,53,74,24,43,23,72,69,1,35,20,26,68
17,50,48,45,74,24,23,23,72,13,1,35,20,26,68
17,50,0,45,74,24,70,23,34,0,83,22,86,26,44
20,50,15,34,72,24,8,39,37,58,0,30,6,40,0
2,50,12,19,34,0,52,44,0,30,0,96,7,89,47
2,50,12,19,34,0,52,44,0,30,0,96,7,89,47
1,50,68,7,50,19,85,45,66,29,103,28,73,52,47
8,50,68,73,19,68,30,29,49,27,18,48,33,57,80
8,50,68,73,19,68,30,29,49,27,18,48,33,57,80
7,52,68,73,19,52,29,55,76,49,47,35,53,48,100
7,55,68,23,33,52,36,20,19,34,71,104,102,81,46
7,55,68,23,33,21,36,20,19,34,71,104,102,17,2
45,35,52,37,56,0,17,94,90,0,0,29,52,19,0
45,35,53,37,32,17,17,104,79,37,71,40,69,54,87
20,24,63,1,76,39,46,6,0,72,88,93,73,48,18
20,24,73,53,8,39,43,74,95,68,27,15,83,8,20
20,24,50,73,40,22,97,65,39,58,21,43,6,94,42
20,24,50,73,40,22,8,65,26,58,21,70,6,46,46
20,24,50,73,40,22,100,65,26,58,21,70,6,27,47
20,24,63,24,50,24,46,19,17,22,28,92,45,29,75
20,21,63,24,50,24,46,6,17,22,80,92,95,29,78
17,15,50,77,19,34,63,34,0,1,77,32,33,40,90
17,50,0,73,14,62,32,63,34,10,24,100,38,3,51
20,50,15,34,72,52,29,39,37,58,64,84,6,91,72
20,50,32,45,73,48,11,22,80,99,26,21,42,10,81
17,50,50,20,74,52,8,26,34,95,0,20,0,26,5
1,50,68,7,50,19,83,45,66,29,103,28,73,52,47
1,50,68,7,50,19,83,53,66,29,103,28,73,52,47
8,67,50,19,50,89,47,35,26,74,104,32,6,73,47
8,67,50,19,50,89,47,35,26,74,104,32,6,78,47
65,8,68,16,52,19,11,94,62,83,100,25,26,13,26
21,21,55,7,13,46,28,29,62,0,33,66,103,73,37
45,35,53,37,32,17,17,40,79,37,71,40,69,54,87
45,35,53,37,32,17,17,104,79,37,71,40,69,54,87
20,48,17,24,22,39,62,43,62,86,40,23,60,41,69
20,48,17,24,22,39,62,43,62,4,40,23,60,41,69
20,10,17,24,50,39,62,43,39,3,40,23,60,18,69
20,73,68,24,50,23,10,97,47,12,29,34,23,70,26
20,73,68,24,50,23,10,97,47,12,29,34,84,75,26
20,51,17,24,50,23,67,29,6,77,61,65,27,83,26
20,51,17,24,50,23,67,29,6,77,61,65,37,83,26
17,15,50,77,19,34,100,16,0,93,77,32,101,40,90
17,15,50,77,19,34,100,16,0,93,77,32,101,40,90
17,50,75,19,73,10,55,26,31,12,83,0,5,28,22
17,50,75,19,74,10,8,26,89,0,0,20,0,50,87
20,50,64,46,46,68,35,40,48,27,2,12,86,64,3
20,8,50,37,73,19,11,102,62,81,29,71,86,25,26
67,50,68,47,40,2,65,45,26,38,95,10,99,99,47
68,6,50,66,72,52,29,39,34,95,29,6,65,26,5
67,50,53,47,40,2,10,7,26,38,55,10,99,99,47
68,68,47,73,72,52,29,22,34,40,0,65,9,1,0
21,21,55,7,13,23,28,29,57,0,49,66,12,13,46
45,35,53,37,32,17,17,10,79,37,71,40,69,54,87
45,35,53,37,32,17,17,104,79,37,71,40,69,54,87
20,41,76,24,40,39,30,0,26,82,18,42,16,103,55
20,41,76,24,40,39,30,0,26,82,18,42,16,103,55
20,10,17,24,50,39,62,43,39,82,72,33,60,18,83
20,73,68,24,50,23,10,97,35,12,29,34,23,70,26
20,73,17,24,50,23,46,94,66,12,89,56,23,19,26
20,73,17,24,50,23,46,94,66,12,89,56,23,19,26
51,72,22,24,50,78,89,67,30,12,42,60,75,39,101
51,72,22,40,50,78,89,67,30,12,42,60,75,39,101
20,50,17,19,19,24,61,67,26,83,33,62,76,80,73
20,50,15,73,73,22,65,7,34,58,76,84,6,27,61
20,50,65,47,15,68,11,59,17,12,63,56,72,62,26
20,50,61,47,46,68,11,59,17,12,59,16,72,42,26
20,73,50,47,50,24,29,6,65,44,61,22,95,62,0
67,8,68,7,50,19,96,45,66,29,12,22,73,52,47
68,6,50,0,0,0,29,59,29,12,0,0,65,26,5
68,6,50,65,72,52,29,39,34,95,29,4,34,26,5
68,68,47,73,72,52,29,22,34,15,0,65,9,1,5
21,55,68,7,1,23,28,19,51,28,26,27,46,91,26
72,104,31,24,22,39,62,4,23,82,40,22,26,103,23
72,104,31,24,22,39,76,4,23,82,40,22,26,103,23
17,15,42,73,19,24,16,39,29,31,14,65,17,26,21
20,15,22,24,59,74,16,39,62,98,104,65,98,50,77
20,35,22,24,50,74,67,29,71,77,61,65,27,83,0
20,35,22,24,50,74,67,29,71,77,61,65,27,100,0
20,75,22,24,50,7,62,66,12,32,18,92,25,29,25
51,72,22,24,50,19,91,1,72,12,16,60,75,39,16
51,72,22,24,50,78,40,67,30,70,42,60,75,39,101
20,41,55,19,50,24,62,56,31,12,44,12,73,29,5
20,19,101,83,103,98,50,31,78,69,26,21,37,10,94
20,18,50,55,26,30,21,65,44,51,8,6,46,11,51
20,55,17,73,50,22,23,65,19,58,21,40,6,34,0
20,73,22,47,50,74,75,11,65,29,61,22,22,62,0
20,75,22,47,50,64,62,7,12,32,18,92,25,29,25
67,8,68,7,50,19,96,45,66,29,12,22,73,52,47
68,50,53,20,6,52,48,26,75,103,29,0,65,26,5
68,8,66,73,19,52,29,55,37,53,55,85,85,48,0
68,8,66,73,19,52,29,55,37,49,55,85,85,49,0
21,55,68,7,1,23,28,62,51,46,79,34,46,6,26