43,5,8,34,9,44,67,31,43,16,4,55,44,61,42
44,5,8,34,9,44,67,31,43,16,4,55,44,61,42
0,0,0,0,0,0,0,0,0,0,0,0,0,0,0
0,0,0,0,0,0,0,0,0,0,0,0,0,0,0
0,0,0,0,0,0,0,0,0,0,0,0,0,0,0
24,5,1,87,86,44,65,43,7,87,26,87,61,49,74
7,50,27,60,52,68,51,30,4,64,21,99,36,89,82
50,68,75,34,8,23,0,30,93,29,54,8,87,59,13
42,47,6,8,28,21,52,29,48,102,98,1,23,29,11
42,47,25,8,28,21,52,29,48,57,98,1,23,29,11
24,5,1,87,86,44,65,43,17,87,26,87,61,49,74
5,24,83,72,36,18,64,33,56,96,16,74,14,44,17
50,68,42,34,8,23,0,30,93,29,7,8,87,59,13
67,103,102,7,33,53,92,47,28,96,50,63,22,34,39
67,103,38,7,33,53,92,47,28,96,50,63,22,42,43
44,38,70,45,103,28,101,55,61,30,45,61,29,82,84
71,5,12,38,55,10,48,43,6,6,63,27,11,66,22
71,45,17,103,7,37,58,56,27,51,23,96,48,41,48
21,59,102,7,33,53,48,47,28,41,34,71,22,53,100
21,103,102,7,33,53,48,47,28,76,34,71,22,53,100
44,38,70,45,103,28,101,12,61,30,80,61,29,82,84
71,5,71,17,55,10,48,43,6,56,75,27,12,10,57
71,45,17,13,7,77,41,48,27,44,42,21,9,72,87
13,46,8,1,96,10,35,65,23,36,22,27,0,62,104
13,46,8,67,96,10,35,65,23,36,22,27,0,62,104