0,0,0,0,0,0,0,0,0,0,0,0,0,0,0
0,0,0,0,0,0,0,0,0,0,0,0,0,0,0
0,0,0,0,0,0,0,0,0,0,0,0,0,0,0
0,0,0,0,0,0,0,0,0,0,0,0,0,0,0
0,0,0,0,0,0,0,0,0,0,0,0,0,0,0
0,3,17,0,0,86,50,0,87,0,49,47,0,23,23
25,50,30,30,49,0,44,32,29,16,5,60,45,74,0
0,0,0,0,0,0,0,0,0,0,0,0,0,0,0
50,5,53,0,33,94,54,57,8,0,0,62,0,29,28
0,0,0,0,0,0,0,0,0,0,0,0,0,0,0
0,0,0,0,0,0,0,0,0,0,0,0,0,0,0
0,0,0,0,0,0,0,0,0,0,0,0,0,0,0
0,0,0,0,0,0,0,0,0,0,0,0,0,0,0
0,0,0,0,0,0,0,0,0,0,0,0,0,0,0
0,0,0,0,0,0,0,0,0,0,0,0,0,0,0
0,0,0,0,0,0,0,0,0,0,0,0,0,0,0
0,0,0,0,0,0,0,0,0,0,0,0,0,0,0
0,0,0,0,0,0,0,0,0,0,0,0,0,0,0
0,0,0,0,0,0,0,0,0,0,0,0,0,0,0
0,0,0,0,0,0,0,0,0,0,0,0,0,0,0
0,0,0,0,0,0,0,0,0,0,0,0,0,0,0
0,0,0,0,0,0,0,0,0,0,0,0,0,0,0
0,0,0,0,0,0,0,0,0,0,0,0,0,0,0
0,0,0,0,0,0,0,0,0,0,0,0,0,0,0
0,0,0,0,0,0,0,0,0,0,0,0,0,0,0
25,50,30,30,49,0,44,32,29,16,5,52,0,74,0
50,41,0,0,49,0,0,9,0,34,0,18,0,0,70
50,41,0,0,49,0,0,9,0,34,0,18,0,0,17
0,0,0,0,0,0,0,0,0,0,0,0,0,0,0
0,0,0,0,0,0,0,0,0,0,0,0,0,0,0
0,0,0,0,0,0,0,0,0,0,0,0,0,0,0
0,0,0,0,0,0,0,0,0,0,0,0,0,0,0
0,0,0,0,0,0,0,0,0,0,0,0,0,0,0
0,0,0,0,0,0,0,0,0,0,0,0,0,0,0
0,0,0,0,0,0,0,0,0,0,0,0,0,0,0
0,0,0,0,0,0,0,0,0,0,0,0,0,0,0
0,0,0,0,0,0,0,0,0,0,0,0,0,0,0
0,0,0,0,0,0,0,0,0,0,0,0,0,0,0
0,0,0,0,0,0,0,0,0,0,0,0,0,0,0
0,0,0,0,0,0,0,0,0,0,0,0,0,0,0
0,0,0,0,0,0,0,0,0,0,0,0,0,0,0
0,0,0,0,0,0,0,0,0,0,0,0,0,0,0
0,0,0,0,0,0,0,0,0,0,0,0,0,0,0
0,0,0,0,0,0,0,0,0,0,0,0,0,0,0
0,0,0,0,0,0,0,0,0,0,0,0,0,0,0
25,50,30,30,49,0,44,32,40,16,5,52,0,74,0
50,5,28,34,49,12,68,92,39,79,18,54,68,35,100
50,0,0,54,49,67,27,43,95,0,31,0,84,7,0
50,45,36,8,49,67,31,26,28,73,78,86,8,35,100
5,14,57,29,93,90,50,86,71,59,97,89,51,32,29
0,0,0,0,0,0,0,0,0,0,0,0,0,0,0
0,0,0,0,0,0,0,0,0,0,0,0,0,0,0
0,0,0,0,0,0,0,0,0,0,0,0,0,0,0
0,0,0,0,0,0,0,0,0,0,0,0,0,0,0
0,0,0,0,0,0,0,0,0,0,0,0,0,0,0
0,0,0,0,0,0,0,0,0,0,0,0,0,0,0
0,0,0,0,0,0,0,0,0,0,0,0,0,0,0
0,0,0,0,0,0,0,0,0,0,0,0,0,0,0
0,0,0,0,0,0,0,0,0,0,0,0,0,0,0
0,0,0,0,0,0,0,0,0,0,0,0,0,0,0
0,0,0,0,0,0,0,0,0,0,0,0,0,0,0
0,0,0,0,0,0,0,0,0,0,0,0,0,0,0
0,0,0,0,0,0,0,0,0,0,0,0,0,0,0
0,0,0,0,0,0,0,0,0,0,0,0,0,0,0
0,0,0,0,0,0,0,0,0,0,0,0,0,0,0
24,7,51,44,49,19,14,85,97,66,23,41,36,63,70
50,41,57,9,49,12,21,89,95,3,85,64,0,99,22
50,0,0,0,49,67,27,43,95,0,31,0,0,0,0
50,10,28,54,49,67,44,35,7,65,52,5,75,74,0
50,50,6,64,29,9,44,58,62,27,5,0,21,103,55
0,0,0,0,0,0,0,0,0,0,0,0,0,0,0
0,0,0,0,0,0,0,0,0,0,0,0,0,0,0
0,0,0,0,0,0,0,0,0,0,0,0,0,0,0
0,0,0,0,0,0,0,0,0,0,0,0,0,0,0
0,0,0,0,0,0,0,0,0,0,0,0,0,0,0
0,0,0,0,0,0,0,0,0,0,0,0,0,0,0
0,0,0,0,0,0,0,0,0,0,0,0,0,0,0
0,0,0,0,0,0,0,0,0,0,0,0,0,0,0
0,0,0,0,0,0,0,0,0,0,0,0,0,0,0
0,0,0,0,0,0,0,0,0,0,0,0,0,0,0
0,0,0,0,0,0,0,0,0,0,0,0,0,0,0
0,0,0,0,0,0,0,0,0,0,0,0,0,0,0
0,0,0,0,0,0,0,0,0,0,0,0,0,0,0
0,0,0,0,0,0,0,0,0,0,0,0,0,0,0
50,43,28,17,29,97,101,77,0,0,3,35,0,40,0
24,63,15,44,49,19,14,0,58,27,0,0,0,0,102
50,41,0,0,49,12,16,9,67,3,0,61,0,0,0
50,43,27,20,47,20,56,38,40,27,3,100,82,68,88
50,43,27,20,47,20,56,38,40,27,3,100,82,68,88
50,47,6,64,29,55,44,58,62,27,5,0,21,48,96
50,47,6,64,29,55,44,58,62,27,5,0,21,103,96
0,0,0,0,0,0,0,0,0,0,0,0,0,0,0
0,0,0,0,0,0,0,0,0,0,0,0,0,0,0
0,0,0,0,0,0,0,0,0,0,0,0,0,0,0
0,0,0,0,0,0,0,0,0,0,0,0,0,0,0
0,0,0,0,0,0,0,0,0,0,0,0,0,0,0
0,0,0,0,0,0,0,0,0,0,0,0,0,0,0
0,0,0,0,0,0,0,0,0,0,0,0,0,0,0
0,0,0,0,0,0,0,0,0,0,0,0,0,0,0
0,0,0,0,0,0,0,0,0,0,0,0,0,0,0
0,0,0,0,0,0,0,0,0,0,0,0,0,0,0
0,0,0,0,0,0,0,0,0,0,0,0,0,0,0
0,0,0,0,0,0,0,0,0,0,0,0,0,0,0
0,0,0,0,0,0,0,0,0,0,0,0,0,0,0
50,5,28,17,29,4,6,20,73,57,31,24,47,96,45
50,5,28,17,49,12,75,92,39,79,37,54,68,35,100
50,5,28,17,49,12,95,92,39,79,37,54,68,35,100
7,50,30,35,29,0,44,24,35,65,5,52,0,74,15
61,50,30,35,29,0,44,24,35,65,5,52,0,74,15
50,59,63,8,29,20,50,48,2,27,3,80,49,37,24
50,59,63,8,29,20,50,21,2,27,3,80,49,37,24
50,5,28,37,24,9,31,40,68,79,37,54,79,85,79
50,5,28,37,54,9,31,0,68,79,38,0,79,0,79
7,50,32,9,58,29,21,26,95,52,85,64,1,99,25
65,5,28,7,24,9,26,11,103,16,94,87,98,51,64
0,0,0,0,0,0,0,0,0,0,0,0,0,0,0
0,0,0,0,0,0,0,0,0,0,0,0,0,0,0
0,0,0,0,0,0,0,0,0,0,0,0,0,0,0
0,0,0,0,0,0,0,0,0,0,0,0,0,0,0
0,0,0,0,0,0,0,0,0,0,0,0,0,0,0
0,0,0,0,0,0,0,0,0,0,0,0,0,0,0
0,0,0,0,0,0,0,0,0,0,0,0,0,0,0
0,0,0,0,0,0,0,0,0,0,0,0,0,0,0
0,0,0,0,0,0,0,0,0,0,0,0,0,0,0
52,50,1,17,3,75,76,76,72,35,18,56,55,26,85
50,5,17,48,49,0,44,77,38,27,43,39,51,32,93
51,24,50,58,29,0,44,77,38,27,43,10,51,0,93
61,50,30,35,29,0,44,24,0,65,43,52,0,74,56
50,47,6,16,29,55,44,58,31,73,5,0,21,103,96
48,50,5,62,0,0,29,77,72,79,71,23,0,99,14
50,60,45,6,29,56,66,73,57,22,22,101,20,52,51
50,60,45,6,29,75,66,73,57,22,22,101,20,52,51
50,7,6,50,29,77,17,22,62,19,5,57,16,96,51
50,5,28,8,24,0,31,40,68,79,37,54,79,85,68
50,8,45,54,29,68,44,35,7,49,99,101,31,73,73
50,37,58,7,29,67,52,4,2,81,39,50,15,20,97
50,7,28,67,29,67,50,35,7,27,3,5,95,81,29
0,0,0,0,0,0,0,0,0,0,0,0,0,0,0
0,0,0,0,0,0,0,0,0,0,0,0,0,0,0
0,0,0,0,0,0,0,0,0,0,0,0,0,0,0
0,0,0,0,0,0,0,0,0,0,0,0,0,0,0
50,5,36,17,71,95,101,11,101,61,90,35,81,88,80
50,5,28,17,24,0,101,9,54,100,76,8,98,27,14
50,5,28,17,24,95,101,11,5,100,76,35,98,27,5
50,33,17,8,26,35,23,66,68,100,42,32,51,50,0
50,5,57,17,49,12,75,92,39,79,37,54,22,35,87
24,37,50,44,65,26,42,77,29,92,7,27,31,33,16
24,50,9,56,57,26,16,77,24,36,79,35,81,96,93
24,50,45,35,48,48,29,77,40,55,3,20,31,23,71
50,35,45,0,26,75,23,66,98,70,42,44,0,25,0
53,50,45,5,20,0,29,77,79,0,86,53,32,43,17
50,24,20,0,29,75,86,0,28,8,30,62,68,84,88
50,24,20,57,29,75,86,0,28,8,30,31,68,84,88
50,32,21,45,29,0,51,0,73,10,0,0,34,0,45
50,0,38,8,21,40,28,37,68,34,27,97,36,65,17
50,0,0,47,26,68,23,39,98,47,99,0,53,14,71
50,37,58,7,29,67,52,4,2,81,39,50,18,20,97
47,35,6,53,36,68,61,23,12,17,8,73,2,80,44
51,7,36,46,31,67,29,0,4,27,81,39,13,48,104
61,58,64,8,36,67,44,24,53,17,0,52,0,51,9
50,5,28,17,24,0,101,9,54,100,76,8,98,27,14
50,5,28,17,24,95,101,11,5,100,76,35,98,27,5
50,5,54,17,29,95,39,77,0,4,65,35,54,41,93
50,5,54,17,29,95,39,77,5,4,43,35,54,41,93
50,33,17,8,26,35,23,66,68,16,42,61,51,50,0
24,50,33,7,30,20,23,41,2,62,45,74,18,0,8
24,50,0,62,48,40,29,77,40,55,41,23,42,37,52
24,50,0,62,48,52,29,77,72,54,25,23,42,37,52
24,50,63,35,48,48,29,77,40,55,3,20,31,96,71
51,24,50,58,29,75,44,25,38,46,50,10,24,52,2
52,50,20,41,45,66,45,40,27,52,22,20,0,27,60
50,8,20,54,29,68,44,35,47,49,10,101,18,7,73
50,8,20,54,29,68,44,35,47,49,10,6,18,7,73
50,8,21,45,29,12,81,82,98,7,43,62,62,76,44
50,7,21,46,29,0,29,0,73,101,83,102,34,0,45
51,7,50,46,31,67,29,0,35,58,83,39,95,72,42
8,33,45,8,21,35,36,77,7,80,36,9,7,9,0
8,33,45,8,21,35,36,77,7,80,52,9,94,9,0
7,32,21,36,52,44,23,84,9,29,45,14,75,31,50
7,32,21,36,22,44,23,84,103,87,75,72,87,20,50
24,62,12,50,29,74,15,0,0,41,78,55,84,82,37
24,77,50,50,29,78,18,71,10,8,3,8,14,90,44
24,77,50,50,29,78,18,60,10,8,3,8,14,90,44
24,10,12,50,29,39,45,77,36,8,43,95,54,19,93
24,52,12,50,29,1,23,14,32,10,82,68,62,96,26
24,50,12,50,29,48,23,14,73,88,3,38,32,98,71
24,50,12,50,29,48,23,14,73,88,3,38,32,98,71
24,50,5,62,73,30,29,77,72,8,71,23,0,99,52
24,50,5,62,73,30,29,77,72,8,71,23,0,99,52
50,24,20,17,0,44,29,5,47,60,57,86,18,62,103
50,46,20,48,29,4,42,20,103,79,31,6,78,0,65
50,62,20,50,29,75,95,25,28,8,29,25,8,3,2
50,33,20,61,61,50,30,40,68,51,27,3,43,27,6
50,8,21,45,29,77,42,33,8,88,31,8,78,76,103
50,45,51,8,32,67,31,26,28,20,78,86,8,54,97
52,8,21,50,29,46,2,75,97,51,4,58,61,86,95
52,8,21,50,29,50,2,24,72,51,4,58,61,27,95
52,8,21,46,36,75,63,46,37,3,50,35,80,23,82
51,7,21,52,36,12,16,22,67,3,76,100,56,23,82
7,66,21,36,9,66,23,25,77,22,56,94,7,25,34
24,56,12,50,33,78,63,17,10,58,27,98,89,54,7
24,56,12,50,33,78,63,17,55,58,27,98,89,54,3
24,56,12,50,33,78,63,17,47,58,27,85,89,2,7
24,10,12,50,29,39,41,77,36,8,43,36,54,63,93
24,52,12,50,29,1,23,14,73,10,82,68,62,96,102
24,50,12,50,29,48,23,14,73,10,3,53,34,96,71
24,50,12,35,48,48,29,90,40,35,76,44,31,0,69
24,7,50,8,73,13,29,77,12,20,71,23,98,1,14
24,1,50,17,40,0,7,77,16,27,43,44,51,0,14
50,24,20,17,65,44,0,68,47,0,36,65,0,82,36
50,59,63,8,47,20,50,48,2,27,15,80,49,37,24
50,62,20,10,29,4,60,20,73,9,31,13,47,96,51
50,33,20,61,61,50,30,40,68,51,27,56,65,27,6
52,7,20,50,34,67,60,94,63,8,45,86,5,65,39
50,45,51,8,32,67,31,26,74,20,27,78,8,54,2
52,8,21,50,29,50,26,24,72,10,42,58,64,27,95
50,58,50,8,32,67,29,20,69,20,62,26,14,43,97
52,8,21,46,36,75,63,46,37,3,82,35,62,23,82
51,7,21,52,29,12,38,20,67,3,50,100,8,23,51
7,66,21,36,9,66,23,25,77,22,56,94,7,25,34
24,10,50,17,40,78,7,40,16,58,13,24,19,16,71
24,56,72,50,33,78,63,17,17,27,58,81,23,0,88
24,56,12,50,65,78,50,17,10,17,27,27,95,90,93
24,56,12,50,65,78,50,17,10,17,27,27,95,90,56
50,60,17,17,45,0,23,29,73,79,37,48,48,43,49
24,50,12,0,53,39,3,90,77,35,76,44,79,6,69
24,50,5,50,73,55,33,77,72,0,72,39,43,0,66
24,50,12,62,14,26,22,66,44,0,59,83,32,43,25
50,5,17,24,0,75,86,39,40,52,0,104,49,0,55
50,16,20,17,65,44,0,10,47,0,36,0,37,82,36
50,62,20,17,29,4,73,92,73,79,37,48,68,89,49
50,8,45,0,33,75,99,66,98,0,0,48,0,29,0
52,1,20,50,34,77,62,76,63,93,3,104,95,15,39
52,59,20,50,29,20,62,21,63,68,3,0,49,37,39
50,8,45,63,24,68,29,39,29,100,93,76,4,96,12
54,7,50,46,33,67,29,25,9,98,82,35,24,28,60
54,7,50,46,33,67,29,25,37,95,82,35,24,28,60
55,7,53,56,32,67,36,12,88,19,81,31,101,39,21
55,7,53,56,32,67,36,12,88,19,81,31,101,39,21
55,7,47,56,32,67,36,44,34,18,85,59,31,92,72
50,5,54,17,24,95,39,4,5,4,90,35,34,41,97
24,77,50,50,65,78,18,60,10,8,20,27,14,90,44
24,77,50,50,65,78,18,20,10,8,27,92,14,90,44
24,51,73,50,39,0,62,64,98,100,3,27,95,68,37
24,52,12,50,11,39,77,17,97,41,69,83,89,89,69
24,50,12,50,11,39,77,77,72,79,71,23,89,89,14
24,50,12,15,22,48,26,14,16,35,76,44,24,0,69
20,24,50,32,0,0,44,77,38,27,43,95,51,0,14
50,24,17,50,77,39,12,20,15,40,11,98,33,7,18
50,62,20,17,15,20,29,85,35,9,10,13,43,96,51
50,5,73,17,29,43,37,20,73,36,31,0,47,75,45
50,5,73,17,29,43,37,20,73,36,31,0,47,75,45
50,8,1,0,33,75,29,48,44,1,0,90,98,29,23
50,7,53,0,33,12,30,57,8,0,0,48,0,29,0
50,8,45,63,24,68,29,39,29,80,93,101,4,96,12
54,7,50,46,33,67,29,95,9,98,82,35,43,28,60
50,8,51,0,33,67,29,49,41,19,81,95,103,29,38
47,7,51,46,33,67,29,0,3,1,7,31,103,1,75
55,7,53,60,33,67,36,71,6,103,44,51,86,39,21
55,7,63,56,33,67,36,6,66,81,44,103,86,11,51
50,5,17,24,0,89,95,0,40,52,0,0,100,0,55
75,24,78,50,20,67,77,41,28,56,101,101,77,4,53
24,10,12,50,11,78,22,40,73,68,27,85,47,16,15
24,51,73,50,39,0,62,64,98,100,3,27,95,68,37
24,52,63,76,57,23,86,39,2,23,70,14,48,33,54
24,52,72,50,76,23,63,17,82,27,70,14,48,0,88
20,24,50,48,0,0,44,77,38,27,43,95,51,0,14
50,17,17,35,77,56,0,17,55,66,59,39,103,32,101
50,56,17,35,77,90,5,17,55,66,47,39,103,32,9
50,16,20,17,65,44,0,68,47,0,36,65,0,82,36
53,50,45,74,33,0,29,77,79,0,0,53,32,43,51
50,25,45,7,25,74,21,77,54,0,11,47,42,27,81
8,50,1,6,73,58,29,87,72,1,22,90,0,74,75
51,7,50,46,73,67,29,0,35,58,83,39,95,72,42
50,8,45,50,1,68,29,84,30,47,99,101,80,14,71
54,7,50,46,8,67,29,25,81,95,14,99,1,61,60
50,7,67,62,29,30,38,77,6,8,64,23,8,56,51
46,58,35,53,8,67,28,12,74,100,76,81,73,81,23
62,58,35,53,8,67,28,0,74,100,76,81,73,81,23
47,57,35,35,7,67,36,82,55,6,43,62,0,29,44
50,5,51,17,37,35,54,54,101,80,32,62,81,10,25
50,5,51,17,37,35,54,54,101,57,57,1,81,10,5
12,24,50,19,39,48,41,68,16,41,11,56,57,21,71
12,24,50,19,39,48,41,90,16,41,11,56,57,21,71
24,52,47,76,57,23,86,39,2,94,99,27,48,33,54
24,52,47,76,57,23,55,39,2,94,99,27,48,33,98
20,24,50,62,0,0,44,77,38,27,43,95,103,0,14
50,17,37,35,77,56,0,17,55,66,59,39,103,32,101
50,37,17,35,77,24,0,17,45,66,102,39,21,14,4
50,75,73,11,32,43,37,34,22,36,86,0,48,75,41
50,75,73,11,32,0,37,34,41,22,101,26,55,0,65
50,76,53,45,29,6,6,29,4,27,101,78,13,96,104
51,7,50,53,75,74,29,22,96,3,70,72,5,23,97
51,7,50,53,75,77,29,22,96,19,56,57,5,23,97
52,8,12,50,29,75,63,24,78,10,61,16,87,27,36
50,7,67,50,29,4,38,20,6,27,50,13,8,56,51
50,7,67,56,29,9,96,62,1,19,46,31,79,39,79
56,7,67,50,29,82,10,62,28,69,56,99,1,61,77
56,7,67,52,36,12,16,62,28,3,101,61,77,81,77
47,57,35,35,7,67,36,82,55,6,43,62,0,29,44
50,5,51,17,37,35,54,54,101,80,32,62,81,10,28
50,5,51,17,37,94,54,54,101,80,32,62,103,10,28
12,24,50,19,39,48,41,68,16,41,11,56,57,21,71
20,24,62,21,39,73,18,68,96,63,4,100,82,39,52
20,24,50,68,39,67,3,51,76,19,19,0,43,36,39
20,24,50,17,39,87,3,9,40,27,0,64,33,70,85
20,24,50,48,0,0,44,77,97,27,43,95,51,0,14
53,17,15,50,72,39,41,11,95,0,32,83,32,43,38
17,50,12,24,22,102,62,59,53,82,40,44,50,93,39
53,17,15,50,72,58,41,76,27,43,22,35,28,43,38
38,50,72,57,22,73,89,0,16,18,27,80,0,82,96
53,50,64,74,20,0,29,77,60,0,0,53,32,43,51
50,74,68,46,29,55,10,29,4,27,81,78,13,48,104
50,74,6,46,26,4,10,29,4,27,31,78,47,96,103
50,68,45,8,63,68,29,78,79,0,95,69,70,13,51
50,68,68,8,63,68,29,78,79,13,95,69,70,13,51
1,7,67,50,29,33,10,62,18,34,75,61,95,81,12
1,7,67,50,29,33,10,62,18,34,75,61,95,54,58
47,68,35,53,33,67,36,91,66,17,30,62,0,58,44
55,7,67,56,29,67,96,62,18,19,57,31,95,39,58
52,5,17,6,88,86,70,60,87,95,49,47,99,23,23
75,24,78,50,20,67,77,69,28,99,101,78,77,4,53
75,24,22,50,20,67,87,69,28,25,101,78,36,4,53
20,24,52,68,39,92,3,68,10,87,19,38,12,26,46
20,24,50,68,39,67,3,51,76,19,19,0,43,36,39
20,24,50,48,46,0,0,20,41,22,101,26,55,0,65
20,24,50,48,46,75,0,20,41,22,101,26,47,0,65
20,24,50,48,46,75,0,20,41,22,101,26,47,0,65
17,52,12,50,22,39,23,102,39,78,76,55,24,89,23
53,17,15,50,72,58,41,76,27,43,50,35,28,43,38
50,73,22,25,37,0,31,42,89,11,102,21,81,38,26
17,50,72,2,22,73,0,0,74,0,27,14,0,82,96
50,74,6,46,6,19,10,29,4,73,58,78,75,52,104
50,74,6,46,6,19,10,29,4,27,58,78,13,52,104
50,68,45,8,63,16,29,77,79,0,95,69,70,13,51
50,67,20,6,29,56,40,81,103,16,79,86,76,34,53
2,68,50,8,19,68,66,37,75,31,85,29,31,7,69
2,68,50,8,19,68,66,37,57,22,85,29,31,7,69
2,53,67,8,58,18,29,37,91,34,2,39,95,93,42
8,74,51,17,28,19,10,29,4,55,0,78,87,0,104
75,24,78,50,20,67,87,69,28,2,101,78,77,4,53
75,24,78,50,20,67,87,69,28,26,101,78,77,4,77
75,24,78,50,20,67,87,69,28,99,101,78,77,4,53
30,10,23,50,29,88,75,92,39,98,3,98,96,69,88
20,24,23,50,59,39,25,52,52,0,88,38,32,17,37
20,24,22,50,67,47,28,83,75,9,66,77,61,28,73
20,24,22,50,67,67,28,83,99,9,66,77,61,28,73
1,51,12,17,39,74,22,64,24,80,12,99,11,16,25
17,52,12,33,22,54,23,102,39,7,76,55,39,92,23
53,17,15,50,72,59,22,76,27,59,22,28,0,56,38
17,50,72,57,22,73,75,0,16,18,27,80,0,82,96
17,50,72,2,22,73,0,0,74,0,27,24,0,82,96
17,50,72,2,22,73,0,0,74,0,27,14,0,82,96
52,72,12,8,45,50,23,29,43,45,82,66,48,10,102
52,72,20,8,53,50,30,36,27,1,49,99,97,79,16
2,68,50,8,45,0,66,38,89,22,13,29,0,27,69
2,68,50,8,19,25,66,37,57,22,46,29,4,93,69
60,68,50,8,29,59,42,73,97,10,14,70,94,57,22
60,68,51,8,28,17,15,6,36,27,42,86,103,45,37
60,68,51,8,28,17,15,6,36,27,42,86,103,45,37
17,50,45,17,32,93,54,54,101,27,102,70,81,7,25
17,78,45,50,32,93,36,77,79,77,102,86,29,7,25
17,50,45,50,32,93,36,77,79,77,102,79,29,7,25
30,10,23,50,29,88,75,62,24,47,73,76,87,69,88
30,10,23,50,29,88,75,92,39,98,3,98,87,69,88
17,53,23,17,39,29,22,19,53,101,11,50,11,16,52
17,53,23,50,99,10,95,71,58,3,11,0,76,37,39
1,51,12,17,39,74,22,64,24,101,12,99,11,16,59
17,51,12,50,39,44,48,25,13,100,82,56,40,64,58
20,17,60,50,72,39,12,19,86,87,47,13,70,83,16
17,52,12,50,22,63,85,71,51,43,103,44,53,33,26
20,64,50,46,17,19,14,26,75,100,1,29,32,17,6
20,58,50,48,12,67,29,20,27,41,62,93,14,43,44
20,50,74,50,46,26,0,20,3,22,45,50,55,18,65
20,7,67,50,29,12,21,86,97,101,30,101,72,96,31
74,50,67,8,6,56,29,26,25,4,6,86,95,75,66
60,68,50,8,19,17,66,78,97,22,42,29,20,45,14
60,68,50,8,19,17,66,78,97,22,42,29,20,45,14
60,68,51,8,38,17,15,6,36,27,42,86,103,45,37
60,68,16,8,58,18,67,46,36,104,7,15,38,45,32
0,0,0,0,0,0,0,0,0,0,0,0,0,0,0
0,0,0,0,0,0,0,0,0,0,0,0,0,0,0
25,10,23,50,33,78,0,17,55,0,0,0,89,0,0
1,10,23,50,29,88,75,9,54,47,3,8,87,11,62
15,23,23,50,103,26,37,9,54,69,29,55,21,41,41
15,23,23,50,29,26,37,9,54,69,29,0,21,41,41
22,50,72,57,22,73,89,0,16,18,27,49,0,82,96
17,10,12,50,22,39,75,9,54,35,38,8,24,11,62
17,1,12,50,22,39,23,14,16,35,32,1,24,89,9
20,17,60,50,72,39,12,19,86,87,47,13,70,7,16
20,17,23,50,29,48,63,17,10,54,5,40,21,18,7
20,17,15,50,72,92,20,11,16,54,32,27,67,38,61
20,17,15,50,72,92,20,11,16,54,32,27,67,38,61
20,10,50,48,46,0,0,40,73,22,88,26,55,0,15
68,7,50,81,44,46,29,11,96,94,36,83,5,31,20
74,50,67,8,47,56,29,26,2,27,15,80,95,37,66
68,7,50,8,53,46,29,11,96,94,36,50,5,73,66
68,7,50,2,53,46,29,26,96,31,36,9,5,73,66
68,7,35,46,36,103,29,100,95,78,74,9,0,0,58
68,7,35,56,36,71,36,12,16,3,81,9,0,0,21