0 0 0 0 0.231013 0.031447 2.040000
0 1 0 0 0.243161 0.036657 2.440000
0 2 0 0 0.111455 0.126214 4.990000
0 3 0 0 0.080446 0.139940 4.480000
0 4 0 0 0.066231 0.142080 4.450000
1 0 0 0 0.080000 0.135446 2.250000
1 1 0 0 0.094237 0.129020 2.300000
1 2 0 0 0.122799 0.123980 2.650000
1 3 0 0 0.107609 0.128031 4.580000
1 4 0 0 0.094067 0.134657 5.000000
2 0 0 0 0.101149 0.129872 2.380000
2 1 0 0 0.107524 0.125855 2.240000
2 2 0 0 0.127161 0.123034 2.850000
2 3 0 0 0.128867 0.121511 3.530000
2 4 0 0 0.118228 0.124604 4.820000
3 0 0 0 0.124786 0.121626 2.890000
3 1 0 0 0.128758 0.118689 2.580000
3 2 0 0 0.131320 0.115886 3.080000
3 3 0 0 0.133491 0.113138 2.870000
3 4 0 0 0.135165 0.111273 3.110000
4 0 0 0 0.136122 0.109040 2.860000
4 1 0 0 0.136709 0.107550 3.220000
4 2 0 0 0.139172 0.106160 3.400000
4 3 0 0 0.141517 0.105342 2.900000
4 4 0 0 0.141665 0.105671 3.690000
0 0 0 1 0.245283 0.020134 2.040000
0 1 0 1 0.260606 0.024691 2.380000
0 2 0 1 0.120712 0.109856 4.600000
0 3 0 1 0.082458 0.127229 5.200000
0 4 0 1 0.065801 0.139055 4.750000
1 0 0 1 0.080448 0.130990 2.690000
1 1 0 1 0.093123 0.125230 2.450000
1 2 0 1 0.122313 0.121821 2.740000
1 3 0 1 0.106398 0.129939 5.000000
1 4 0 1 0.095238 0.135657 4.710000
2 0 0 1 0.104902 0.131282 2.540000
2 1 0 1 0.110884 0.127421 2.140000
2 2 0 1 0.122743 0.123922 2.110000
2 3 0 1 0.125415 0.121375 3.230000
2 4 0 1 0.114456 0.127929 4.950000
3 0 0 1 0.120161 0.124513 2.510000
3 1 0 1 0.124733 0.121185 2.420000
3 2 0 1 0.127108 0.119224 3.200000
3 3 0 1 0.129162 0.116732 3.010000
3 4 0 1 0.130949 0.115718 3.670000
4 0 0 1 0.131608 0.113455 2.890000
4 1 0 1 0.132960 0.111624 2.910000
4 2 0 1 0.133793 0.109910 2.900000
4 3 0 1 0.135506 0.108313 3.000000
4 4 0 1 0.136293 0.108241 3.320000
0 0 0 2 0.000000 0.000000 0.100000
0 1 0 2 0.000000 0.000000 0.180000
0 2 0 2 0.000000 0.000000 0.000000
0 3 0 2 0.000000 0.000000 0.000000
0 4 0 2 0.000000 0.000000 0.000000
1 0 0 2 0.000000 0.000000 0.160000
1 1 0 2 0.000000 0.000000 0.180000
1 2 0 2 0.000000 0.000000 0.140000
1 3 0 2 0.000000 0.000000 0.000000
1 4 0 2 0.000000 0.000000 0.000000
2 0 0 2 0.000000 0.000000 0.100000
2 1 0 2 0.000000 0.000000 0.180000
2 2 0 2 0.000000 0.000000 0.160000
2 3 0 2 0.000000 0.000000 0.160000
2 4 0 2 0.000000 0.000000 0.000000
3 0 0 2 0.000000 0.000000 0.170000
3 1 0 2 0.000000 0.000000 0.150000
3 2 0 2 0.000000 0.000000 0.110000
3 3 0 2 0.000000 0.000000 0.140000
3 4 0 2 0.000000 0.000000 0.150000
4 0 0 2 0.000000 0.000000 0.000000
4 1 0 2 0.000000 0.000000 0.000000
4 2 0 2 0.000000 0.000000 0.040000
4 3 0 2 0.000000 0.000000 0.120000
4 4 0 2 0.000000 0.000000 0.200000
0 0 0 3 0.000000 0.000000 0.200000
0 1 0 3 0.000000 0.000000 0.090000
0 2 0 3 0.000000 0.000000 0.000000
0 3 0 3 0.000000 0.000000 0.000000
0 4 0 3 0.000000 0.000000 0.000000
1 0 0 3 0.000000 0.000000 0.170000
1 1 0 3 0.000000 0.000000 0.160000
1 2 0 3 0.000000 0.000000 0.080000
1 3 0 3 0.000000 0.000000 0.000000
1 4 0 3 0.000000 0.000000 0.000000
2 0 0 3 0.000000 0.000000 0.150000
2 1 0 3 0.000000 0.000000 0.200000
2 2 0 3 0.000000 0.000000 0.140000
2 3 0 3 0.000000 0.000000 0.160000
2 4 0 3 0.000000 0.000000 0.000000
3 0 0 3 0.000000 0.000000 0.150000
3 1 0 3 0.000000 0.000000 0.180000
3 2 0 3 0.000000 0.000000 0.210000
3 3 0 3 0.000000 0.000000 0.110000
3 4 0 3 0.000000 0.000000 0.100000
4 0 0 3 0.000000 0.000000 0.000000
4 1 0 3 0.000000 0.000000 0.000000
4 2 0 3 0.000000 0.000000 0.120000
4 3 0 3 0.000000 0.000000 0.160000
4 4 0 3 0.000000 0.000000 0.160000
0 0 0 4 0.000000 0.000000 0.160000
0 1 0 4 0.000000 0.000000 0.160000
0 2 0 4 0.000000 0.000000 0.000000
0 3 0 4 0.000000 0.000000 0.000000
0 4 0 4 0.000000 0.000000 0.000000
1 0 0 4 0.000000 0.000000 0.120000
1 1 0 4 0.000000 0.000000 0.200000
1 2 0 4 0.000000 0.000000 0.160000
1 3 0 4 0.000000 0.000000 0.000000
1 4 0 4 0.000000 0.000000 0.000000
2 0 0 4 0.000000 0.000000 0.080000
2 1 0 4 0.000000 0.000000 0.170000
2 2 0 4 0.000000 0.000000 0.200000
2 3 0 4 0.000000 0.000000 0.160000
2 4 0 4 0.000000 0.000000 0.000000
3 0 0 4 0.000000 0.000000 0.120000
3 1 0 4 0.000000 0.000000 0.140000
3 2 0 4 0.000000 0.000000 0.200000
3 3 0 4 0.000000 0.000000 0.120000
3 4 0 4 0.000000 0.000000 0.180000
4 0 0 4 0.000000 0.000000 0.000000
4 1 0 4 0.000000 0.000000 0.000000
4 2 0 4 0.000000 0.000000 0.110000
4 3 0 4 0.000000 0.000000 0.200000
4 4 0 4 0.000000 0.000000 0.120000
0 0 1 0 0.423497 0.023810 1.490000
0 1 1 0 0.548523 0.018421 2.590000
0 2 1 0 0.260526 0.015873 0.270000
0 3 1 0 0.196861 0.016100 0.380000
0 4 1 0 0.165610 0.023622 0.410000
1 0 1 0 0.181972 0.025474 1.760000
1 1 1 0 0.192677 0.025641 1.420000
1 2 1 0 0.200543 0.023099 1.330000
1 3 1 0 0.180238 0.021562 0.170000
1 4 1 0 0.159402 0.021816 0.320000
2 0 1 0 0.168306 0.020833 1.820000
2 1 1 0 0.176207 0.020466 1.810000
2 2 1 0 0.182122 0.020485 1.560000
2 3 1 0 0.190865 0.020312 1.570000
2 4 1 0 0.175235 0.020141 0.240000
3 0 1 0 0.182788 0.019807 1.560000
3 1 1 0 0.191629 0.019177 2.020000
3 2 1 0 0.198088 0.018683 1.460000
3 3 1 0 0.207740 0.017766 1.910000
3 4 1 0 0.212571 0.017485 0.920000
4 0 1 0 0.207630 0.031345 3.070000
4 1 1 0 0.204595 0.041769 3.090000
4 2 1 0 0.209177 0.041000 1.700000
4 3 1 0 0.215056 0.040258 1.720000
4 4 1 0 0.220280 0.039693 0.900000
0 0 1 1 0.367010 0.064516 3.110000
0 1 1 1 0.398460 0.064961 3.480000
0 2 1 1 0.290311 0.108577 8.890000
0 3 1 1 0.249827 0.122901 8.640000
0 4 1 1 0.237363 0.127384 8.410000
1 0 1 1 0.248964 0.126199 4.020000
1 1 1 1 0.257612 0.125246 3.710000
1 2 1 1 0.278198 0.124096 4.470000
1 3 1 1 0.265905 0.126521 8.750000
1 4 1 1 0.256804 0.124846 8.440000
2 0 1 1 0.263508 0.122562 3.280000
2 1 1 1 0.267679 0.121126 3.210000
2 2 1 1 0.280639 0.120154 4.340000
2 3 1 1 0.285096 0.117570 4.140000
2 4 1 1 0.277116 0.117132 8.170000
3 0 1 1 0.282872 0.115550 3.830000
3 1 1 1 0.287634 0.114299 3.620000
3 2 1 1 0.291900 0.112791 3.790000
3 3 1 1 0.295988 0.111507 4.020000
3 4 1 1 0.298616 0.109611 5.380000
4 0 1 1 0.302333 0.107639 3.710000
4 1 1 1 0.306095 0.106067 4.020000
4 2 1 1 0.307704 0.104562 3.800000
4 3 1 1 0.311074 0.103838 3.850000
4 4 1 1 0.313533 0.101639 5.200000
0 0 1 2 0.675000 0.066667 3.680000
0 1 1 2 0.706322 0.048387 5.910000
0 2 1 2 0.612443 0.134921 18.370000
0 3 1 2 0.587526 0.130276 17.920000
0 4 1 2 0.573033 0.139673 18.810000
1 0 1 2 0.574006 0.140220 3.790000
1 1 1 2 0.576196 0.139896 3.700000
1 2 1 2 0.598299 0.140300 9.730000
1 3 1 2 0.590633 0.142508 18.140000
1 4 1 2 0.585985 0.143244 18.120000
2 0 1 2 0.591169 0.142871 4.560000
2 1 1 2 0.592377 0.143040 4.130000
2 2 1 2 0.604350 0.144266 10.600000
2 3 1 2 0.605091 0.143104 4.860000
2 4 1 2 0.597552 0.141719 18.380000
3 0 1 2 0.600890 0.141424 5.440000
3 1 1 2 0.604822 0.141096 4.820000
3 2 1 2 0.606852 0.140982 3.780000
3 3 1 2 0.609053 0.140892 4.580000
3 4 1 2 0.609257 0.140048 4.360000
4 0 1 2 0.611705 0.138088 6.280000
4 1 1 2 0.613707 0.136321 5.520000
4 2 1 2 0.614158 0.135537 3.150000
4 3 1 2 0.616491 0.135349 4.640000
4 4 1 2 0.616708 0.134545 5.400000
0 0 1 3 0.394256 0.450000 3.530000
0 1 1 3 0.528047 0.392473 4.660000
0 2 1 3 0.345140 0.404255 15.910000
0 3 1 3 0.306157 0.401385 16.530000
0 4 1 3 0.294595 0.404217 16.420000
1 0 1 3 0.301772 0.403071 3.320000
1 1 1 3 0.308379 0.401540 3.760000
1 2 1 3 0.339261 0.399499 6.690000
1 3 1 3 0.324301 0.399251 16.630000
1 4 1 3 0.312587 0.396639 16.320000
2 0 1 3 0.321410 0.396047 3.580000
2 1 1 3 0.324535 0.395326 3.490000
2 2 1 3 0.341622 0.394532 6.700000
2 3 1 3 0.345173 0.393346 3.780000
2 4 1 3 0.335535 0.393367 16.230000
3 0 1 3 0.341726 0.392762 4.020000
3 1 1 3 0.347025 0.391637 3.800000
3 2 1 3 0.352098 0.391450 3.820000
3 3 1 3 0.357839 0.391104 3.730000
3 4 1 3 0.360252 0.389654 4.070000
4 0 1 3 0.365564 0.389691 4.910000
4 1 1 3 0.371374 0.389186 5.290000
4 2 1 3 0.373874 0.388620 3.500000
4 3 1 3 0.377799 0.388044 3.870000
4 4 1 3 0.379037 0.387109 4.750000
0 0 1 4 0.393895 0.460000 2.920000
0 1 1 4 0.547673 0.438462 4.300000
0 2 1 4 0.324798 0.460729 16.060000
0 3 1 4 0.281773 0.464449 16.390000
0 4 1 4 0.265696 0.465717 16.270000
1 0 1 4 0.274103 0.465824 3.390000
1 1 1 4 0.280645 0.465977 3.880000
1 2 1 4 0.311708 0.465964 6.130000
1 3 1 4 0.296614 0.465675 16.200000
1 4 1 4 0.281549 0.465245 16.580000
2 0 1 4 0.290906 0.465885 3.840000
2 1 1 4 0.293594 0.465995 3.430000
2 2 1 4 0.312513 0.465963 6.500000
2 3 1 4 0.316640 0.465879 3.460000
2 4 1 4 0.304095 0.465410 16.540000
3 0 1 4 0.310331 0.466187 4.300000
3 1 1 4 0.316849 0.466836 4.160000
3 2 1 4 0.322646 0.466749 3.620000
3 3 1 4 0.327888 0.466753 3.550000
3 4 1 4 0.330571 0.466808 4.050000
4 0 1 4 0.336871 0.466790 5.300000
4 1 1 4 0.342478 0.467006 4.430000
4 2 1 4 0.345420 0.466675 3.470000
4 3 1 4 0.350470 0.466494 3.660000
4 4 1 4 0.352158 0.467201 5.010000
0 0 2 0 0.401015 0.033708 1.860000
0 1 2 0 0.492410 0.015419 2.420000
0 2 2 0 0.249828 0.011905 0.490000
0 3 2 0 0.187353 0.021277 0.320000
0 4 2 0 0.168675 0.023039 0.320000
1 0 2 0 0.184085 0.024076 2.080000
1 1 2 0 0.196914 0.024327 1.790000
1 2 2 0 0.211009 0.021239 1.640000
1 3 2 0 0.188995 0.020316 0.250000
1 4 2 0 0.176640 0.018285 0.200000
2 0 2 0 0.189201 0.018239 1.850000
2 1 2 0 0.195385 0.017900 1.900000
2 2 2 0 0.202706 0.017011 1.430000
2 3 2 0 0.213845 0.017606 1.580000
2 4 2 0 0.197539 0.016953 0.200000
3 0 2 0 0.204345 0.016366 1.550000
3 1 2 0 0.213364 0.016416 1.930000
3 2 2 0 0.222432 0.016115 2.440000
3 3 2 0 0.229108 0.015779 1.910000
3 4 2 0 0.234430 0.015587 0.640000
4 0 2 0 0.231411 0.026110 2.790000
4 1 2 0 0.226549 0.039578 3.040000
4 2 2 0 0.230021 0.039212 1.630000
4 3 2 0 0.234002 0.038084 1.810000
4 4 2 0 0.239036 0.037617 0.750000
0 0 2 1 0.880952 0.295455 2.320000
0 1 2 1 0.961511 0.213115 4.110000
0 2 2 1 0.868504 0.221088 6.060000
0 3 2 1 0.850511 0.214198 5.890000
0 4 2 1 0.837148 0.201557 5.090000
1 0 2 1 0.846253 0.200599 2.610000
1 1 2 1 0.845155 0.198877 3.040000
1 2 2 1 0.841117 0.200579 3.120000
1 3 2 1 0.836175 0.197135 5.930000
1 4 2 1 0.832386 0.193471 5.410000
2 0 2 1 0.841333 0.193193 2.000000
2 1 2 1 0.840790 0.193346 2.740000
2 2 2 1 0.837923 0.197935 3.760000
2 3 2 1 0.841147 0.197935 1.680000
2 4 2 1 0.837005 0.199156 6.440000
3 0 2 1 0.844521 0.198572 2.450000
3 1 2 1 0.850270 0.198572 2.290000
3 2 2 1 0.853970 0.198500 1.990000
3 3 2 1 0.857517 0.198427 1.940000
3 4 2 1 0.858747 0.198427 0.720000
4 0 2 1 0.853553 0.191661 1.990000
4 1 2 1 0.848699 0.185695 2.170000
4 2 2 1 0.848956 0.185570 1.280000
4 3 2 1 0.854585 0.185619 2.720000
4 4 2 1 0.855969 0.185619 0.730000
0 0 2 2 0.625205 0.077778 3.770000
0 1 2 2 0.701395 0.069767 6.680000
0 2 2 2 0.618990 0.137313 18.090000
0 3 2 2 0.587678 0.141860 17.950000
0 4 2 2 0.582541 0.143763 18.250000
1 0 2 2 0.585320 0.143103 4.320000
1 1 2 2 0.588126 0.142954 3.620000
1 2 2 2 0.607835 0.145620 9.730000
1 3 2 2 0.599098 0.144523 17.800000
1 4 2 2 0.590261 0.142564 17.640000
2 0 2 2 0.595538 0.142055 4.750000
2 1 2 2 0.596643 0.141489 3.700000
2 2 2 2 0.608630 0.142061 9.530000
2 3 2 2 0.608548 0.140803 4.680000
2 4 2 2 0.602144 0.144130 18.000000
3 0 2 2 0.605198 0.143854 4.390000
3 1 2 2 0.607661 0.143294 4.650000
3 2 2 2 0.610083 0.143199 4.350000
3 3 2 2 0.612058 0.143105 3.880000
3 4 2 2 0.612862 0.142318 4.910000
4 0 2 2 0.614504 0.140433 5.290000
4 1 2 2 0.617414 0.138500 5.910000
4 2 2 2 0.618300 0.137781 3.960000
4 3 2 2 0.620222 0.137504 4.680000
4 4 2 2 0.620286 0.136406 4.570000
0 0 2 3 0.555556 0.412500 3.640000
0 1 2 3 0.656750 0.402299 6.590000
0 2 2 3 0.618241 0.384372 19.510000
0 3 2 3 0.597307 0.378510 19.790000
0 4 2 3 0.594403 0.384111 19.550000
1 0 2 3 0.594067 0.383292 4.170000
1 1 2 3 0.595897 0.382851 4.330000
1 2 2 3 0.614945 0.383717 10.120000
1 3 2 3 0.608447 0.386683 19.890000
1 4 2 3 0.603312 0.386724 19.240000
2 0 2 3 0.607028 0.386654 5.150000
2 1 2 3 0.607017 0.386852 3.920000
2 2 2 3 0.616455 0.387616 10.510000
2 3 2 3 0.616749 0.387703 4.680000
2 4 2 3 0.611907 0.389507 19.530000
3 0 2 3 0.614309 0.389561 5.990000
3 1 2 3 0.616487 0.389624 5.540000
3 2 2 3 0.618630 0.389528 4.350000
3 3 2 3 0.620376 0.389412 4.360000
3 4 2 3 0.619497 0.389191 5.210000
4 0 2 3 0.621281 0.388842 7.010000
4 1 2 3 0.623159 0.388150 7.750000
4 2 2 3 0.623593 0.387848 3.760000
4 3 2 3 0.624889 0.387603 4.740000
4 4 2 3 0.623978 0.387224 4.370000
0 0 2 4 0.555716 0.397436 3.630000
0 1 2 4 0.645513 0.397260 5.490000
0 2 2 4 0.605297 0.423038 19.720000
0 3 2 4 0.585572 0.427670 19.590000
0 4 2 4 0.583565 0.427986 19.640000
1 0 2 4 0.587573 0.427839 4.010000
1 1 2 4 0.586780 0.427310 3.990000
1 2 2 4 0.609095 0.428136 10.210000
1 3 2 4 0.602525 0.425897 19.640000
1 4 2 4 0.595669 0.429058 18.940000
2 0 2 4 0.599696 0.429235 5.870000
2 1 2 4 0.597428 0.430100 4.250000
2 2 2 4 0.608427 0.430439 10.730000
2 3 2 4 0.608022 0.429615 4.270000
2 4 2 4 0.600266 0.429949 19.340000
3 0 2 4 0.601926 0.429530 5.110000
3 1 2 4 0.604073 0.429392 5.420000
3 2 2 4 0.606668 0.429295 4.540000
3 3 2 4 0.608774 0.429258 4.380000
3 4 2 4 0.608761 0.428583 5.340000
4 0 2 4 0.611252 0.428228 7.520000
4 1 2 4 0.613686 0.427879 8.220000
4 2 2 4 0.613678 0.427647 3.220000
4 3 2 4 0.614897 0.427648 5.010000
4 4 2 4 0.613661 0.427147 4.610000
0 0 3 0 0.290055 0.009934 2.030000
0 1 3 0 0.354669 0.017857 2.960000
0 2 3 0 0.335523 0.106200 8.910000
0 3 3 0 0.322977 0.108555 8.380000
0 4 3 0 0.310709 0.114249 7.720000
1 0 3 0 0.311671 0.107074 2.310000
1 1 3 0 0.315135 0.100901 2.410000
1 2 3 0 0.329405 0.094419 3.330000
1 3 3 0 0.331011 0.101349 8.580000
1 4 3 0 0.332588 0.105485 8.700000
2 0 3 0 0.336568 0.101310 3.070000
2 1 3 0 0.336231 0.098450 2.010000
2 2 3 0 0.347364 0.095421 4.020000
2 3 3 0 0.350371 0.092099 3.210000
2 4 3 0 0.347008 0.096338 8.660000
3 0 3 0 0.348223 0.093407 3.290000
3 1 3 0 0.349103 0.090722 3.050000
3 2 3 0 0.350855 0.088153 2.980000
3 3 3 0 0.350660 0.085626 2.780000
3 4 3 0 0.344050 0.083255 3.680000
4 0 3 0 0.344632 0.080579 3.660000
4 1 3 0 0.346025 0.079580 4.010000
4 2 3 0 0.345522 0.077138 3.210000
4 3 3 0 0.346735 0.075328 3.760000
4 4 3 0 0.342332 0.073355 3.500000
0 0 3 1 0.650558 0.034483 4.230000
0 1 3 1 0.697419 0.020528 5.630000
0 2 3 1 0.700723 0.196762 12.180000
0 3 3 1 0.699962 0.216271 12.940000
0 4 3 1 0.702001 0.234034 12.080000
1 0 3 1 0.699134 0.223810 4.030000
1 1 3 1 0.696102 0.213565 4.470000
1 2 3 1 0.704142 0.198464 8.130000
1 3 3 1 0.705991 0.211111 12.850000
1 4 3 1 0.707329 0.219414 12.600000
2 0 3 1 0.701091 0.212447 5.910000
2 1 3 1 0.699494 0.207967 4.480000
2 2 3 1 0.702136 0.200061 7.260000
2 3 3 1 0.698945 0.195141 4.250000
2 4 3 1 0.698088 0.205060 12.890000
3 0 3 1 0.695612 0.200723 5.160000
3 1 3 1 0.694585 0.196643 5.160000
3 2 3 1 0.694636 0.192147 4.140000
3 3 3 1 0.694699 0.187863 4.240000
3 4 3 1 0.693036 0.184844 4.460000
4 0 3 1 0.689948 0.179389 5.900000
4 1 3 1 0.687775 0.174461 6.300000
4 2 3 1 0.687838 0.171981 3.520000
4 3 3 1 0.687495 0.169135 5.350000
4 4 3 1 0.685791 0.166556 4.890000
0 0 3 2 0.611491 0.336538 4.070000
0 1 3 2 0.690661 0.281250 8.150000
0 2 3 2 0.651154 0.322034 18.080000
0 3 3 2 0.643382 0.334047 17.980000
0 4 3 2 0.630730 0.336859 17.830000
1 0 3 2 0.634012 0.336360 3.700000
1 1 3 2 0.634534 0.335130 4.170000
1 2 3 2 0.648693 0.333333 10.300000
1 3 3 2 0.643873 0.333462 17.760000
1 4 3 2 0.639759 0.335885 17.920000
2 0 3 2 0.640389 0.335616 5.800000
2 1 3 2 0.642396 0.334764 4.950000
2 2 3 2 0.649231 0.334155 10.300000
2 3 3 2 0.650828 0.334219 4.150000
2 4 3 2 0.648287 0.333837 17.870000
3 0 3 2 0.650446 0.334472 6.440000
3 1 3 2 0.652936 0.334412 6.230000
3 2 3 2 0.656615 0.334521 4.580000
3 3 3 2 0.659665 0.334520 4.330000
3 4 3 2 0.659696 0.334760 4.130000
4 0 3 2 0.659711 0.332550 6.520000
4 1 3 2 0.660833 0.330693 6.870000
4 2 3 2 0.661753 0.330537 3.030000
4 3 3 2 0.662726 0.330571 5.840000
4 4 3 2 0.663046 0.330745 4.670000
0 0 3 3 0.608696 0.435897 4.220000
0 1 3 3 0.679543 0.418750 6.360000
0 2 3 3 0.660219 0.390625 19.110000
0 3 3 3 0.661673 0.400750 19.240000
0 4 3 3 0.664410 0.397830 19.130000
1 0 3 3 0.662319 0.397431 4.030000
1 1 3 3 0.658383 0.398366 4.230000
1 2 3 3 0.671799 0.400295 10.410000
1 3 3 3 0.664563 0.398079 19.620000
1 4 3 3 0.665422 0.397186 19.430000
2 0 3 3 0.664118 0.397950 5.410000
2 1 3 3 0.663113 0.398328 4.080000
2 2 3 3 0.666981 0.398893 10.110000
2 3 3 3 0.667567 0.398595 4.390000
2 4 3 3 0.669298 0.398136 19.220000
3 0 3 3 0.668159 0.397924 4.390000
3 1 3 3 0.668928 0.398004 4.990000
3 2 3 3 0.669853 0.397914 4.080000
3 3 3 3 0.671123 0.397661 4.250000
3 4 3 3 0.670800 0.397634 4.520000
4 0 3 3 0.672189 0.396761 7.270000
4 1 3 3 0.672399 0.396927 6.730000
4 2 3 3 0.672314 0.396861 3.710000
4 3 3 3 0.671609 0.396733 4.270000
4 4 3 3 0.669664 0.396183 4.370000
0 0 3 4 0.572016 0.400000 3.770000
0 1 3 4 0.676402 0.393443 5.990000
0 2 3 4 0.681742 0.397583 19.690000
0 3 3 4 0.684225 0.397830 19.380000
0 4 3 4 0.679783 0.398668 19.440000
1 0 3 4 0.675508 0.399721 3.750000
1 1 3 4 0.672784 0.399730 4.480000
1 2 3 4 0.684627 0.401572 10.300000
1 3 3 4 0.679332 0.397780 18.990000
1 4 3 4 0.675603 0.399557 19.360000
2 0 3 4 0.674043 0.399170 5.270000
2 1 3 4 0.672448 0.399499 4.150000
2 2 3 4 0.680055 0.398856 10.490000
2 3 3 4 0.678563 0.398751 4.100000
2 4 3 4 0.676431 0.400246 19.310000
3 0 3 4 0.676715 0.400320 5.280000
3 1 3 4 0.677741 0.400431 5.520000
3 2 3 4 0.678687 0.400300 4.330000
3 3 3 4 0.678914 0.400300 4.110000
3 4 3 4 0.677201 0.400111 4.920000
4 0 3 4 0.676943 0.399211 7.950000
4 1 3 4 0.676433 0.399438 7.590000
4 2 3 4 0.675018 0.398826 3.330000
4 3 3 4 0.674740 0.398702 4.330000
4 4 3 4 0.672391 0.398290 4.340000
0 0 4 0 0.345133 0.006329 2.580000
0 1 4 0 0.381327 0.012500 2.600000
0 2 4 0 0.391153 0.087438 7.490000
0 3 4 0 0.394970 0.103803 7.450000
0 4 4 0 0.389538 0.115429 7.520000
1 0 4 0 0.390666 0.107741 2.620000
1 1 4 0 0.387036 0.101723 2.590000
1 2 4 0 0.399195 0.096452 3.230000
1 3 4 0 0.388899 0.101081 7.440000
1 4 4 0 0.389697 0.105054 7.470000
2 0 4 0 0.393186 0.100734 3.260000
2 1 4 0 0.391454 0.097070 2.170000
2 2 4 0 0.396286 0.095398 2.810000
2 3 4 0 0.398836 0.091768 3.040000
2 4 4 0 0.399885 0.094975 7.880000
3 0 4 0 0.401286 0.091821 3.120000
3 1 4 0 0.403608 0.089062 3.410000
3 2 4 0 0.405159 0.086301 3.320000
3 3 4 0 0.405458 0.083672 2.730000
3 4 4 0 0.400444 0.081230 2.900000
4 0 4 0 0.399729 0.079442 3.570000
4 1 4 0 0.398557 0.077935 3.580000
4 2 4 0 0.398973 0.075560 2.780000
4 3 4 0 0.400694 0.073718 3.440000
4 4 4 0 0.397323 0.071917 3.440000
0 0 4 1 0.677543 0.058594 3.590000
0 1 4 1 0.698201 0.048137 5.280000
0 2 4 1 0.737095 0.176656 11.990000
0 3 4 1 0.742683 0.213846 12.360000
0 4 4 1 0.745817 0.223570 12.760000
1 0 4 1 0.746307 0.215585 4.300000
1 1 4 1 0.744888 0.208613 3.920000
1 2 4 1 0.744212 0.193537 6.520000
1 3 4 1 0.742104 0.204545 12.530000
1 4 4 1 0.742512 0.210526 12.530000
2 0 4 1 0.740157 0.206856 5.820000
2 1 4 1 0.739327 0.202905 4.260000
2 2 4 1 0.740057 0.195838 6.770000
2 3 4 1 0.738504 0.192439 4.160000
2 4 4 1 0.739451 0.203181 11.850000
3 0 4 1 0.737668 0.200203 5.380000
3 1 4 1 0.736602 0.196681 5.350000
3 2 4 1 0.736731 0.192581 4.160000
3 3 4 1 0.737242 0.188738 4.220000
3 4 4 1 0.736359 0.186060 4.480000
4 0 4 1 0.734343 0.180703 6.250000
4 1 4 1 0.730730 0.175987 5.920000
4 2 4 1 0.731500 0.173933 3.700000
4 3 4 1 0.730022 0.171355 5.520000
4 4 4 1 0.728922 0.169261 4.180000
0 0 4 2 0.614966 0.222222 4.320000
0 1 4 2 0.675529 0.144172 5.760000
0 2 4 2 0.711714 0.309626 17.200000
0 3 4 2 0.715243 0.321366 16.630000
0 4 4 2 0.707138 0.324861 16.320000
1 0 4 2 0.703558 0.322631 3.640000
1 1 4 2 0.700458 0.320493 4.340000
1 2 4 2 0.697960 0.310511 7.110000
1 3 4 2 0.704389 0.319878 16.910000
1 4 4 2 0.700924 0.324141 17.110000
2 0 4 2 0.698336 0.323022 4.720000
2 1 4 2 0.698523 0.321421 4.370000
2 2 4 2 0.699598 0.317287 6.880000
2 3 4 2 0.698995 0.315522 4.060000
2 4 4 2 0.699275 0.318141 17.340000
3 0 4 2 0.697411 0.317032 4.860000
3 1 4 2 0.696740 0.316194 5.800000
3 2 4 2 0.698481 0.314608 4.150000
3 3 4 2 0.699655 0.312974 4.610000
3 4 4 2 0.698686 0.312467 4.390000
4 0 4 2 0.695965 0.306673 5.720000
4 1 4 2 0.692942 0.301686 5.560000
4 2 4 2 0.692581 0.301348 3.300000
4 3 4 2 0.692371 0.301130 5.430000
4 4 4 2 0.692066 0.300731 4.080000
0 0 4 3 0.994889 0.500000 3.650000
0 1 4 3 0.996671 0.476190 6.390000
0 2 4 3 0.947819 0.418306 18.080000
0 3 4 3 0.932367 0.418578 18.040000
0 4 4 3 0.927208 0.417097 18.130000
1 0 4 3 0.930159 0.416624 3.510000
1 1 4 3 0.931301 0.416080 4.000000
1 2 4 3 0.939297 0.415295 10.190000
1 3 4 3 0.934772 0.414197 18.110000
1 4 4 3 0.931063 0.411051 17.670000
2 0 4 3 0.935817 0.411051 6.230000
2 1 4 3 0.936756 0.410199 3.740000
2 2 4 3 0.941044 0.409038 9.600000
2 3 4 3 0.942521 0.409038 3.310000
2 4 4 3 0.938336 0.410892 18.200000
3 0 4 3 0.941480 0.410892 5.540000
3 1 4 3 0.944320 0.410892 6.120000
3 2 4 3 0.945834 0.410892 4.380000
3 3 4 3 0.947169 0.410892 4.050000
3 4 4 3 0.948190 0.410892 3.330000
4 0 4 3 0.949567 0.409957 7.080000
4 1 4 3 0.950894 0.409775 6.450000
4 2 4 3 0.951811 0.409775 3.300000
4 3 4 3 0.953692 0.409721 6.050000
4 4 4 3 0.954470 0.409721 3.510000
0 0 4 4 0.989111 0.300000 3.200000
0 1 4 4 0.994268 0.225000 7.520000
0 2 4 4 0.941237 0.389855 17.820000
0 3 4 4 0.928600 0.393044 18.080000
0 4 4 4 0.924303 0.395385 18.180000
1 0 4 4 0.927419 0.394001 3.950000
1 1 4 4 0.929098 0.393887 4.650000
1 2 4 4 0.937085 0.393298 10.850000
1 3 4 4 0.931355 0.397468 18.290000
1 4 4 4 0.926115 0.395971 18.030000
2 0 4 4 0.931659 0.395971 6.760000
2 1 4 4 0.931624 0.394662 4.010000
2 2 4 4 0.935604 0.394241 10.570000
2 3 4 4 0.937199 0.394241 3.440000
2 4 4 4 0.933474 0.396351 18.470000
3 0 4 4 0.937155 0.396351 6.680000
3 1 4 4 0.940340 0.396351 6.470000
3 2 4 4 0.941886 0.396351 4.080000
3 3 4 4 0.943360 0.396351 4.230000
3 4 4 4 0.944441 0.396351 3.420000
4 0 4 4 0.945751 0.395896 6.150000
4 1 4 4 0.946775 0.395553 6.710000
4 2 4 4 0.947778 0.395553 3.490000
4 3 4 4 0.949868 0.395373 6.330000
4 4 4 4 0.950679 0.395373 3.390000
